%YAML:1.0
M: !!opencv-matrix
   rows: 14
   cols: 14
   dt: d
   data: [ 6.4829701435329823e-01, 5.2556517465423713e-01,
       1.1344849663511125e+00, 1.0895986133899078e+00,
       7.5237487567605577e-01, 8.4367486252974866e-01,
       6.9405589099910991e-01, 9.8588205857592548e-01,
       7.9421924048647863e-01, 9.6511789250926805e-01,
       6.7269931154507945e-01, 9.5038161429093437e-01,
       8.6825455943062946e-01, 7.2569363482441085e-01,
       3.2581982461463810e-01, 5.9821554715725889e-01,
       5.8456847769157927e-01, 4.3971713905758658e-01,
       4.4646823425680765e-01, 4.4374609551058608e-01,
       1.5843257186827528e-01, 2.7946991597034559e-01,
       6.9525877687751902e-01, 3.6166198373352343e-01,
       4.7927614468716440e-01, 3.9974117189234870e-01,
       5.4151734131620699e-01, 3.8596916277038729e-01,
       1.2923734196726955e+00, 1.0738003329496839e+00,
       1.3456625807683535e+00, 1.4117662416023531e+00,
       1.4704734936085633e+00, 1.4232361498781845e+00,
       1.1117793610899382e+00, 1.3524646011105153e+00,
       1.0336692830295788e+00, 1.1220079501441780e+00,
       1.6014941391873299e+00, 1.3994074856308072e+00,
       1.2960196673664555e+00, 1.0535636767803742e+00,
       1.1296378664934861e+00, 6.9612885054908547e-01,
       1.3845017625514910e+00, 1.5041591680360020e+00,
       1.1648769567350257e+00, 1.5054305940889046e+00,
       9.3108300032644231e-01, 1.1791955309932836e+00,
       1.0029021131922626e+00, 9.1494131286175584e-01,
       1.1602379106582064e+00, 1.0678449263207244e+00,
       9.0151046744395713e-01, 1.1174612181580519e+00,
       5.3736302848467288e-01, 2.3347524674531009e-01,
       7.7336379966678567e-02, 2.7180902174440658e-01,
       8.2164489254381801e-02, 1.5231804126746903e-01,
       1.3737199542448758e-01, 0., 1.3259067078400119e-01,
       2.6121476960080836e-01, 0., 0., 1.0764899403983312e-01,
       2.3054424892580155e-01, 2.9694110623898590e-01,
       4.4548876588083552e-01, 6.9417397092257460e-01,
       5.9298706536123746e-01, 1.1664976827171907e+00,
       5.0943769029168695e-01, 5.2294651400228265e-01,
       5.1218476760229081e-01, 7.9518998325159596e-01,
       9.2713538302059673e-01, 5.3177178910022849e-01,
       4.1745962662006419e-01, 7.4381617170228442e-01,
       7.1894298889620556e-01, 0., 0., 1.7268041623370009e-01,
       1.0052762171640928e-01, 1.6438888842144023e-01,
       8.2194444210720113e-02, 7.0658953394059962e-02,
       2.0395890802513383e-01, 8.1845804046876497e-02,
       8.1555985150995366e-02, 8.7062506452254801e-02,
       9.1680382355303028e-02, 2.7637823488186580e-01,
       2.4513240887778004e-01, 1.0157973175462458e+00,
       7.3351730321484565e-01, 1.3845017625514910e+00,
       1.5041591680360020e+00, 1.2895566751113132e+00,
       1.2854651940861910e+00, 9.3108300032644231e-01,
       1.1802482164076915e+00, 9.2548892089727386e-01,
       1.1442562609018605e+00, 1.0362588372308814e+00,
       9.8268800253919719e-01, 1.1136930497614272e+00,
       1.2988444767475658e+00, 9.5924429306343678e-02,
       3.1235939614041064e-01, 0., 0., 0., 1.0735187030368926e-01, 0.,
       0., 0., 1.7446219315213582e-01, 0., 0., 0.,
       8.6808970755275980e-02, 6.2373896095028469e-01,
       4.4201532115402997e-01, 6.7810519652035384e-01,
       8.5030602075382034e-01, 7.2061222452879470e-01,
       7.2984247335591912e-01, 6.2608605098291725e-01,
       7.5990710236728209e-01, 6.8641266732548523e-01,
       7.3316963096783128e-01, 4.4470928264797366e-01,
       5.5323894873785040e-01, 3.0804273851348862e-01,
       8.3911197946103711e-01, 7.4260031445121588e-01,
       4.7755034076697528e-01, 9.4675369015207178e-01,
       9.2145609279848006e-01, 6.4898173584171692e-01,
       6.3322239302254657e-01, 6.0502547453912958e-01,
       7.1710974678156569e-01, 2.7687525105794430e-01,
       3.2322570675078122e-01, 5.5698269254371691e-01,
       6.4814527891785767e-01, 5.8212795537085449e-01,
       6.4131101464007600e-01, 9.6264348622595919e-02, 0.,
       1.7268041623370009e-01, 0., 1.6438888842144023e-01,
       1.9480797390974447e-01, 7.0658953394059962e-02,
       7.9491322568317452e-02, 0., 0., 8.7062506452254801e-02,
       2.0124841000190014e-01, 0., 7.7549879609801434e-02,
       1.6273555317920915e-01, 3.7767148240059828e-01,
       1.7268041623370009e-01, 0., 4.4839906478468339e-01,
       8.2194444210720113e-02, 2.3828390731309734e-01,
       3.7263654735857898e-01, 1.9255164220014881e-01,
       4.5414682414377733e-01, 7.3936031486095821e-01,
       3.7395824221786167e-01, 4.4261027435223377e-01,
       4.3344899791661762e-01, 2.5899990180180510e-01,
       2.6899938333728407e-01, 2.5447438051025356e-01,
       4.0108265917016472e-01, 4.6998542529497767e-01,
       2.2968348379255454e-01, 2.5135531415755591e-01,
       5.0547655280692116e-01, 1.9255164220014881e-01,
       5.4847117407574586e-01, 7.9160759187315100e-01,
       8.9390180629067140e-01, 5.3346448095948218e-01,
       2.7787569298262038e-01 ]
