%YAML:1.0
M: !!opencv-matrix
   rows: 62
   cols: 62
   dt: d
   data: [ 8.3992272029812159e-02, 9.4848427546555258e-02,
       2.9086044029118588e-02, 1.0530598697338756e-01,
       5.9628681278824702e-02, 2.3579542900763750e-01,
       3.5219746267730549e-02, 7.0484836795567801e-02,
       5.9628681278824702e-02, 5.9606009148771358e-02,
       2.3572741261747748e-01, 2.8184865866205783e-01,
       2.6018169188867835e-01, 1.6531059221206970e-01,
       1.3004550168423246e-01, 9.4825755416501900e-02,
       5.9628681278824702e-02, 2.2487125710073438e-01,
       2.4932553637193522e-01, 9.4871099676608603e-02,
       5.9628681278824702e-02, 1.0572725519335170e-01,
       2.6909414977254187e-02, 8.0095208319787142e-02,
       1.0565923880319164e-01, 0., 2.8456795476971913e-01,
       3.5219746267730549e-02, 2.1410579010420466e-01,
       2.4386262881040805e-02, 1.0568191093324500e-01,
       1.0565923880319164e-01, 1.7612140346870611e-01,
       7.0462164665514443e-02, 7.3119082906534211e-02,
       2.6662207026692031e-02, 2.6015901975862493e-01,
       2.4386262881040805e-02, 1.0572725519335170e-01,
       1.7614407559875947e-01, 7.8188417845200045e-02,
       2.4130725387211636e-02, 2.1293555904126948e-01,
       2.2903586096823872e-02, 1.2760138531766621e-01,
       1.2571126967588153e-01, 7.0462164665514443e-02,
       1.7618941985886616e-01, 0., 5.3163798142562058e-02,
       1.0568191093324500e-01, 2.0055301060985359e-01,
       2.4429924965982391e-01, 1.3709834933246251e-01,
       1.2561033342596684e-01, 9.3809264178344953e-02,
       2.3055849691902480e-02, 8.8608570965052730e-02, 0.,
       6.2855634837940766e-02, 2.6018169188867835e-01,
       9.4825755416501900e-02, 0., 0., 0., 1.0342610886294246e-01, 0.,
       0., 0., 0., 2.5808567256371078e-02, 0., 0., 0., 0., 0., 0., 0.,
       0., 0., 2.6497905445914693e-02, 5.2404693175088994e-02, 0., 0.,
       1.1408165898358213e-01, 3.4274715477852109e-02, 0., 0., 0., 0.,
       0., 0., 0., 0., 0., 0., 0., 1.9303213856424986e-02,
       2.5906787729174301e-02, 0., 0., 0., 8.5730001183657825e-02,
       2.3971932183547762e-02, 3.0018462528669718e-02,
       1.1690520407424231e-01, 1.0722459744945814e-01,
       1.2862298560716356e-01, 0., 5.1715354985545380e-02, 0., 0., 0.,
       0., 5.5405099896832524e-02, 5.6238530614745562e-02,
       2.2192645765152254e-02, 2.7183180694596243e-02,
       8.0707399374403993e-02, 0., 9.3395236188497377e-02,
       2.0304816371243187e-01, 0., 0., 7.2235066564295111e-02,
       9.9854356721231483e-02, 3.8737708060716747e-01,
       5.4896138556929075e-01, 1.8422996225125365e-01,
       1.3945083422090351e-01, 1.6575463853149625e-01,
       1.6145381913632190e-01, 2.5481385568311471e-01,
       1.9463719989494702e-01, 1.0084013801313202e-01,
       1.3863495612262386e-01, 1.9711726417290285e-02, 0.,
       7.6260550149921461e-02, 5.0989458751267140e-02,
       9.9022469259102144e-02, 1.2512544811988580e-01,
       4.9382460149204652e-02, 5.2404693175088994e-02,
       7.6484188126900707e-02, 6.3564719290225669e-02,
       6.4549553374485780e-01, 5.2512900934622586e-01,
       7.8385110931224258e-02, 7.8385110931224258e-02,
       4.6740337188661545e-02, 7.1403179102165773e-02,
       1.1063059071423921e-01, 1.1063059071423921e-01,
       2.3370168594330772e-02, 7.6484188126900707e-02,
       4.5908449726532199e-02, 5.0989458751267140e-02,
       4.9107671730504404e-01, 5.3871995882693935e-01,
       1.0641645944170136e-01, 7.6260550149921461e-02,
       9.9031964736321115e-02, 1.3149913046379419e-01,
       6.8259912002290912e-01, 6.5362594775347482e-01,
       2.7446820063374711e-01, 3.7703978807236116e-01,
       2.9503612880815627e-01, 2.4734786631327094e-01,
       4.4017022399427633e-02, 7.7210084361178946e-02,
       2.5066943803571679e-01, 4.7284232912031737e-01,
       7.7553223469094906e-02, 5.9040425922519832e-02,
       3.9049637363537981e-01, 4.0122128781463773e-01,
       5.7581523476049923e-01, 5.6103624502268801e-01,
       1.9699293725886263e-01, 1.1616767042610984e-01,
       8.4705925195510817e-02, 3.7070769957398259e-01,
       7.1392539473594169e-02, 9.6887268849227742e-02,
       2.4386262881040798e-02, 0., 2.8368393558470589e-01,
       2.4686324802895804e-01, 2.4386262881040798e-02,
       3.0028596731851865e-02, 2.3551625208340275e-02,
       6.7286113834961345e-02, 2.4386262881040798e-02, 0., 0., 0.,
       1.9711726417290285e-02, 4.8772525762081596e-02,
       2.4386262881040798e-02, 2.4386262881040798e-02,
       4.8772525762081596e-02, 2.4386262881040798e-02,
       2.7097971419599270e-02, 0., 0., 4.5121481522666110e-02,
       5.3075193917028740e-01, 3.5089319977183048e-01,
       2.4386262881040798e-02, 2.7097971419599270e-02,
       7.3799463300396911e-02, 5.1484234300640072e-02,
       4.5747401739591513e-02, 4.5747401739591513e-02,
       2.4386262881040798e-02, 0., 5.0032014617168177e-02,
       2.4386262881040798e-02, 3.7047694707265644e-01,
       2.6721509717226233e-01, 2.4386262881040798e-02,
       2.7097971419599270e-02, 2.4386262881040798e-02,
       4.8772525762081596e-02, 2.1488549649834035e-01,
       2.2345607393538194e-01, 4.9206688680640387e-01,
       6.8661596093396893e-01, 5.7220431563877505e-01,
       7.8956693843323877e-01, 2.4386262881040798e-02, 0.,
       2.6392974615089781e-01, 2.1945414128668222e-01,
       4.8772525762081596e-02, 2.4386262881040798e-02,
       6.1990721740566923e-01, 4.9857116533481716e-01,
       3.7456878769620860e-01, 2.2689860646686283e-01,
       1.2673495119818262e-01, 2.5434545233435452e-01,
       6.0600428599599376e-01, 7.3861863691589369e-01,
       2.4386262881040798e-02, 2.4386262881040798e-02,
       4.6740337188661545e-02, 2.3370168594330772e-02, 0., 0.,
       4.6740337188661545e-02, 2.3370168594330772e-02,
       2.3370168594330772e-02, 4.6740337188661545e-02,
       9.3480674377323089e-02, 9.3480674377323089e-02,
       4.6740337188661545e-02, 0., 0., 0., 4.6740337188661545e-02, 0.,
       0., 7.0110505782992313e-02, 0., 0., 0., 0., 0., 0.,
       2.3370168594330772e-02, 2.3370168594330772e-02,
       4.6740337188661545e-02, 2.3370168594330772e-02,
       2.3370168594330772e-02, 2.3370168594330772e-02,
       2.3370168594330772e-02, 0., 2.3370168594330772e-02, 0., 0., 0.,
       0., 4.6740337188661545e-02, 2.3370168594330772e-02, 0., 0., 0.,
       7.3550201384156591e-02, 1.7597418717545976e-01, 0., 0.,
       2.3370168594330772e-02, 0., 0., 0., 0., 0.,
       2.0306042176976913e-01, 1.1085780553047148e-01, 0., 0., 0., 0.,
       0., 0., 2.3370168594330772e-02, 2.3370168594330772e-02, 0., 0.,
       0., 2.1870931437167614e-02, 0., 0., 0., 0., 0., 0., 0., 0., 0.,
       0., 0., 0., 0., 0., 2.7097971419599270e-02, 0., 0., 0., 0., 0.,
       0., 2.7097971419599270e-02, 0., 2.7097971419599270e-02,
       2.1361138858550715e-02, 2.1361138858550715e-02, 0., 0., 0., 0.,
       0., 0., 0., 2.7097971419599270e-02, 0., 0., 0., 0.,
       2.6732566968467698e-02, 2.7941344139553344e-02, 0., 0., 0., 0.,
       3.1745313720753100e-02, 0., 0., 0., 5.6784288485051709e-02,
       7.4545279818982388e-02, 3.3753066850017374e-02, 0., 0.,
       1.2147345910515056e-01, 0., 0., 0., 0., 0., 0.,
       2.1050603820942032e-01, 1.3479142924696932e-01, 0.,
       3.5956592760616898e-02, 0., 5.1880718250322699e-02, 0., 0., 0.,
       0., 0., 0., 0., 0., 2.2538281132201427e-02, 0.,
       2.6497905445914693e-02, 2.6497905445914693e-02, 0., 0.,
       1.1144311149049754e-01, 7.5326143207959828e-02, 0., 0.,
       7.3799463300396911e-02, 2.2538281132201427e-02, 0., 0., 0., 0.,
       2.2538281132201427e-02, 0., 2.5166922397178970e-01,
       1.5430270115913280e-01, 0., 0., 0., 0., 1.4859294421971678e-01,
       1.3329801002732294e-01, 1.2359087754638307e-01,
       1.5849780107054648e-01, 3.0788933591756462e-01,
       3.0212045560951895e-01, 0., 0., 3.3256464645233974e-01,
       4.3404046222619175e-01, 2.2538281132201427e-02, 0.,
       1.1354042131046350e-01, 2.2877577918760053e-01,
