%YAML:1.0
bias: 1.5583494731697305e+00
beta1: 1.7149420451466295e+01
beta2: 2.1944423161769436e+01
width: 6
height: 6
orientation: 31
data: !!opencv-matrix
   rows: 1116
   cols: 1
   dt: d
   data: [ 5.0441754910811001e-02, -2.6563045587349988e-02,
       1.2023745065975184e-02, 1.3298622979348956e-02,
       5.3796192042276300e-02, 5.3724464510199813e-02,
       -1.5887205539943557e-03, 3.7807936305908800e-03,
       7.7388853090827941e-03, -3.0194479979943435e-02,
       -4.8834719993016747e-03, -1.8069509468080117e-02,
       -6.9115099154499170e-03, -2.1794758586765502e-02,
       -2.5895485997683307e-02, -1.4089368267289373e-02,
       -1.5157574421133628e-02, -6.7648142121805657e-03,
       8.2012658687788485e-03, -1.9345140948743629e-02,
       -2.5947190105739735e-02, 8.5442592286415799e-03,
       2.8145566120631290e-02, -7.3406808522125146e-03,
       -1.8429074202915910e-02, 1.7718758378480887e-03,
       -1.6420877231356143e-02, 2.6573716686860607e-02,
       7.6463267475249688e-02, -1.9197266145978609e-02,
       1.7789326314005038e-02, 3.3503073697993269e-02,
       -1.2789536101427783e-02, -1.8680438956918916e-02,
       -1.9034614991082929e-02, -2.8203718693128217e-03,
       5.7265011741093448e-02, -7.5402617352465871e-03,
       -1.5304119984249449e-02, 2.6020833900298086e-02,
       6.2558067343615881e-02, 3.5611222523028237e-02,
       1.7204104727064325e-03, 9.8108130749080466e-03,
       2.6442222272179454e-02, -2.6733186060965107e-02,
       -2.6537283643062275e-02, -3.0554527327754533e-02,
       -7.1375491035564724e-04, -7.3842866400236976e-03,
       -2.6468824825235219e-02, -2.3988108451845791e-02,
       -2.9426826024248256e-03, 1.7422618322845862e-02,
       -1.2096794055552230e-03, -2.1027719589711946e-02,
       1.5185402257781557e-02, 3.3632767575710883e-02,
       -1.0486440190686045e-02, -6.9460733995728129e-03,
       -1.9607506036063725e-02, -3.0183404980589100e-02,
       -1.2577267290070013e-02, 5.5474577093092878e-02,
       1.6778820738645051e-02, -2.5047175942337775e-02,
       2.1569658277078518e-02, -2.7361182245308837e-02,
       -3.1994743384234733e-02, -1.5222021948444717e-02,
       -9.4247825387118681e-03, 4.1857447404570064e-02,
       5.8137017032107746e-02, 1.7402467818906545e-02,
       -1.1970711521789971e-02, 5.4049904887144729e-02,
       -9.8382620523670711e-03, -3.0835544995943445e-02,
       -1.9506503255465268e-02, -3.6827731440460060e-02,
       8.3311350431308530e-03, -2.4115822618044895e-02,
       -2.9381036896077267e-02, -2.2391594991388049e-02,
       -2.4622002333410012e-02, -4.1737918128377360e-03,
       -1.4592758061545152e-02, -6.5183669839571703e-03,
       -4.5085346707083550e-03, 3.8003685642963615e-03,
       -9.6101437330932925e-03, -9.2756167816362752e-03,
       3.1906252057003440e-02, 3.6804309888906435e-02,
       -1.6771810070018909e-02, -7.5619347206425970e-04,
       4.8993577263788911e-03, -2.0092459589450357e-02,
       1.6365820385523516e-02, 8.5786331216296696e-02,
       -3.0658102119176578e-02, -3.6437921206984351e-02,
       -3.1630639783489919e-03, 1.3802319013572270e-02,
       -1.4507053581409836e-02, -2.1558746768565423e-02,
       -2.1795220362463327e-02, -3.1728135172396844e-02,
       -1.0204892636545537e-02, 1.6258024985463297e-02,
       3.5198524107773736e-02, 3.4553847700389002e-02,
       -2.6408005972234666e-02, -2.4554251167442545e-02,
       1.0225419023268886e-03, 3.6807856651133002e-04,
       2.5642625702858142e-02, -2.3948972634901637e-03,
       8.9253322679676509e-03, -1.0224925156134029e-02,
       7.2468222709162113e-03, -7.4593324204540136e-03,
       -5.3723838694550094e-03, 5.3501854369597621e-03,
       2.6182990666414472e-02, -1.5868287991180056e-02,
       -2.5785336508080153e-02, -1.2845637188553652e-02,
       2.4285088642398735e-03, 2.3193164178112052e-02,
       -1.0412215627926815e-03, -3.1751119508314656e-02,
       7.9787345909334145e-03, 2.8548562381730189e-04,
       -7.8977327276568924e-03, 2.8708415454670438e-03,
       -2.7724939024196277e-02, -2.6822190611782905e-02,
       -2.0906198361078161e-02, 1.2596209580642736e-02,
       2.1402173293830460e-02, 2.8104834595352179e-02,
       -2.3860060206015825e-02, -1.5256867195824616e-02,
       -2.0506267316894262e-02, -8.6463397005333981e-04,
       2.1085232666546348e-02, 2.6403082139284585e-02,
       -4.1208959526837750e-02, -2.5589992036891315e-02,
       -1.2610016596830104e-02, -3.5631533608704163e-02,
       3.8960497120939838e-02, -2.0041804527630377e-02,
       -3.7488268574812265e-02, -2.2845681682687028e-02,
       -5.2294638368617051e-03, -5.3128230755842588e-03,
       -1.8880124850627882e-03, -2.9744879836926860e-02,
       -1.6856145930350026e-02, -2.7334881027144580e-02,
       -3.4775817228462617e-02, -6.1180977599002771e-04,
       -1.8969484393380531e-02, -1.3244735627446031e-02,
       1.5294958560534618e-02, -1.2781430476961106e-02,
       2.4391450601598041e-02, 5.3166950972058272e-02,
       9.3351799186506580e-03, -1.9838300180351275e-02,
       -2.8387142562982946e-02, -6.8089569551798785e-03,
       -2.9256542052757142e-02, 6.6520283247569909e-02,
       2.3335346483238484e-02, 5.2308335748491551e-02,
       -1.0626297467026674e-03, 1.6901867820386319e-02,
       2.9818975735566890e-03, -9.9108577844710007e-03,
       -9.2687076699887200e-03, 2.3767997850987564e-02,
       -1.7041401995683159e-02, -2.1857492856126478e-02,
       7.3744828304460990e-03, -4.9136150748998048e-03,
       -1.9073096910714876e-02, 1.7175105796878639e-03,
       9.1612880338374461e-02, -2.5090272300630483e-02,
       -2.4217086940737280e-03, 1.9353476070968517e-02,
       2.2277584245398770e-02, -2.8358458339450214e-02,
       -2.7538185519751950e-02, -2.9739584559642929e-02,
       -3.5346656997165979e-02, -3.0362324777696577e-02,
       -2.2245455058748493e-02, -9.5157339185181142e-03,
       -2.6371515888554603e-02, 5.4081504233442186e-03,
       -2.9345254751541924e-02, -1.7964863276915453e-02,
       -1.2340900070262516e-02, 3.8368203459186213e-04,
       -1.2798874473699000e-02, 6.2800761730654409e-02,
       1.1384351176575205e-02, 2.5128903315930505e-02,
       -1.4472563853582672e-02, 4.7740587435959700e-02,
       4.9035709390254027e-02, 1.6924972356704152e-02,
       -4.3123790453227402e-03, 3.6483637777262063e-03,
       9.0956460151699527e-03, -1.4534632698389598e-02,
       1.6474143781948017e-02, -6.9483476313318398e-03,
       -1.0994109173423167e-02, -1.8418677129763833e-02,
       -1.0523537956908750e-02, -1.4725541518520711e-02,
       4.1684612242981679e-02, 8.7389570885470398e-03,
       1.3221959145999071e-02, -1.1427380498491176e-02,
       -1.8970079614339361e-02, -1.5024319001254153e-02,
       2.4156222526826521e-02, -1.6076696070536679e-02,
       -3.0639788017906119e-02, -3.4460843356637514e-03,
       -2.4549512362606808e-02, -9.3900145163104687e-05,
       5.8955646319008875e-02, 1.1239097778287669e-02,
       5.9144019595346441e-03, 2.9797604199931094e-02,
       -3.8747611251404315e-02, -2.4364589224797499e-02,
       -3.0901898029338383e-02, 3.7819951610700848e-02,
       2.4340806179528062e-02, 2.9863863561538560e-02,
       -2.8737708977422088e-02, 1.7054915670961620e-02,
       -6.5761318312348351e-03, 2.0398646457483141e-02,
       5.5814677223843340e-02, -6.4737661347425909e-03,
       -2.0034433287995368e-02, 1.0942194346201025e-02,
       6.9208582766225541e-03, -2.2253499801147672e-02,
       1.8953863479286327e-03, 6.2738223296310725e-03,
       -2.7653860259266600e-03, -6.7252185572173389e-03,
       1.6671632300108510e-02, 3.1548500386432463e-02,
       -1.6742446044192900e-02, 4.8325144553814292e-03,
       9.1848766814941335e-04, -6.1580076691101718e-03,
       3.2252614834684244e-02, 2.3801734967912819e-03,
       -2.1225464016165152e-02, 4.6416990142288490e-03,
       -2.4685801689976621e-02, -7.7733771515075753e-03,
       6.1505523863374129e-02, 5.2106222563358257e-02,
