%YAML:1.0
bias: 1.3969655548034887e+00
beta1: 1.9910627353867042e+01
beta2: 2.4527609594239642e+01
width: 6
height: 6
orientation: 31
data: !!opencv-matrix
   rows: 1116
   cols: 1
   dt: d
   data: [ -1.5153113686889182e-02, 5.3390445508100043e-02,
       4.0234436612825920e-02, 3.7804315420573230e-03,
       1.8190711461696540e-02, 1.9551532467773518e-02,
       -1.3725934538573681e-02, -1.8255542977758429e-02,
       -7.7112680472179607e-03, -9.9352893886030455e-03,
       1.1982109114027605e-02, 3.4552333161088959e-02,
       2.8844747571278133e-03, 1.2036618058182505e-02,
       -1.0181525873206376e-02, -1.1557157312466409e-02,
       -1.5957899176517132e-02, -1.2234767313969058e-02,
       -1.4556213434966530e-02, -7.0461318993733906e-03,
       -4.2776206397875261e-03, -8.5900022213354476e-03,
       -2.2119995980044292e-02, -9.3018511206130593e-03,
       -2.1899020299879127e-02, 2.1527383343182986e-02,
       5.4060702762382819e-02, 3.6086757980043058e-02,
       -4.4508938579459291e-02, -3.3706073302982964e-03,
       4.6378125443458193e-02, 7.5189165382155551e-03,
       3.3826847760216695e-02, 2.8512544088736897e-02,
       3.3453020584487306e-02, 4.0443905653270794e-02,
       -1.7883709830448739e-02, -3.5050777131679662e-03,
       -1.5448369310879888e-03, 4.9086454957985191e-03,
       -1.3012958156316196e-02, 1.0837206318769329e-02,
       -2.1305051623065521e-02, -1.1193797091479590e-02,
       -5.9094675968268326e-03, -1.3751856720553273e-02,
       1.4587255485227643e-02, 1.3066394776673330e-02,
       -6.7224984385231530e-03, -5.8831604772957707e-03,
       4.9694096551071579e-03, -1.9661253446787923e-02,
       -2.3032462632889310e-02, -6.6393586315703895e-03,
       -1.5364621614514079e-02, -9.4720987434626352e-03,
       -1.1149968470723871e-03, -9.6444050984257328e-03,
       -2.2487973200987027e-02, -2.4003879402181176e-02,
       -1.7335747378705559e-02, 5.4771064185485156e-02,
       4.5547852861560788e-02, 4.1227065162250019e-02,
       -1.6498746542703283e-02, -3.9094074108855924e-02,
       4.2672782366610811e-02, 4.0982292109448336e-02,
       2.8308580372116098e-02, -2.2414378080833734e-02,
       4.0201603014979860e-02, 3.4846096441551816e-02,
       -1.6810205813352415e-02, -1.4766714195336294e-02,
       3.4727702147227457e-03, -1.1917732970321150e-02,
       7.7541334566453759e-03, 5.7239537676343792e-03,
       1.4173660675656872e-02, 3.4162240669333029e-03,
       -2.0642217900853545e-03, 1.2909190922986490e-02,
       4.6130869532862917e-03, -8.2549800351837937e-03,
       -3.6856611853679899e-03, -4.2795299739516578e-03,
       -4.9654567724250189e-03, -3.9350770840668597e-03,
       -7.6339254863209971e-03, -1.4255337804835351e-02,
       -1.7310210269810826e-02, -1.1147308923672590e-02,
       -1.6392366164474904e-02, -1.0621610856863497e-02,
       5.9390934653282042e-03, 3.5642294883098547e-04,
       -5.2838707699201072e-03, 3.6445483444652413e-02,
       -1.3198925891303195e-02, 1.8071423327167026e-03,
       -1.8751370710234687e-02, -1.4266347172627598e-02,
       -2.4859074226514639e-02, 4.2761763413409468e-02,
       -1.8175541973179141e-02, -1.9306674048469436e-02,
       1.5327080940946541e-02, -1.0298519961297558e-02,
       -1.2222795816646911e-02, -6.9444345540821198e-03,
       2.3773856169037509e-02, -7.8929804732836423e-04,
       -3.4009723515905955e-03, 8.7197324241319214e-03,
       4.6705698230683296e-02, 2.0263087069524982e-02,
       -2.3687805271568451e-03, -1.1604457980462363e-04,
       -1.6938117278555024e-03, -9.1437506231211527e-03,
       -8.3495920269600031e-03, -2.0525654182291631e-02,
       -1.8694135178703886e-02, -1.2194522117596997e-02,
       4.3291750644875858e-02, 8.3236024613422728e-03,
       -2.2650662093655519e-02, -2.2907240113928359e-02,
       -6.7831871567427659e-04, 7.1076967116200530e-04,
       7.6566558286361872e-02, 5.2100433466110126e-03,
       -1.3179387143896930e-02, -9.1942693351107323e-03,
       9.1474482901984580e-03, -1.2541548466787070e-02,
       -2.2612266814399616e-02, -2.0456875438219634e-02,
       -1.8129174660708892e-02, -1.1685459007276402e-02,
       -1.6401301224993663e-02, -8.2631614724026064e-03,
       5.2477933259957249e-03, -1.1251424312964317e-02,
       4.1549808891240499e-02, 3.5837886628425658e-02,
       -1.8182920804635336e-02, -9.3483627683576473e-03,
       -1.3554864835700446e-02, 7.9761135741117997e-03,
       3.4844691415538823e-02, 2.7590479095420541e-02,
       -2.3341806041069585e-02, -2.7011887578330493e-02,
       3.9704706365770578e-03, -4.4256970642812159e-03,
       -3.0612193921041593e-02, -2.6218002076944927e-02,
       -7.3972620154821988e-03, -2.1126328559771083e-02,
       6.9768236509867729e-02, 3.2932416182847112e-02,
       -3.0764739175652839e-02, -2.6483570518229228e-02,
       -7.1805928406672810e-03, -1.0113665287656096e-02,
       6.7686426152713905e-02, -8.8658931788727375e-03,
       1.8286181051284198e-02, 5.4860470758416310e-02,
       1.1757407651701317e-02, -1.6215311427363027e-02,
       -1.6997863198024946e-02, -1.6189081188843005e-03,
       -1.1756206755996999e-02, -1.5378062223964055e-02,
       -1.6363448493762093e-02, -9.8995620046902801e-03,
       -1.6136470588574335e-02, -1.3381430447343268e-02,
       2.4860245469474226e-02, 2.0854971574618127e-02,
       -8.9919983842215792e-03, -1.7267830217033348e-02,
       -2.2652195566795329e-02, -1.2984803320253821e-02,
       1.2428968647126767e-02, 9.8863377577462601e-03,
       -7.3349238415840352e-03, -2.1809797475827855e-02,
       3.3456182141115842e-02, 4.3237735114409113e-02,
       -1.3515600068730151e-02, -1.0322103547264920e-02,
       -1.7778115134531411e-02, -1.7645811837333599e-02,
       5.7784022294396040e-02, 4.6952724570686034e-02,
       -1.8574812580996705e-02, -2.8932579565667846e-02,
       -1.8800947506134327e-02, -1.8157263265008810e-02,
       6.3418743899746347e-02, -9.4915763877552774e-03,
       -1.7950331169751144e-02, -3.5842217395434502e-03,
       1.8580832520707025e-02, -1.3237397513730069e-02,
       4.2189142624128852e-02, 4.6453382505538612e-03,
       -5.2812732888642307e-03, -1.1379101616200938e-02,
       -1.0363824294434705e-02, -5.8771617144974513e-03,
       -2.2436179445150823e-02, -2.0231400074696686e-02,
       1.0876365550066991e-02, -2.1226483169514188e-02,
       -9.5967406122733790e-03, -6.0872896039306174e-03,
       -2.3797180181103397e-02, 1.7243731557511792e-02,
       -1.0415077449035103e-02, -1.9255396901787580e-02,
       -1.1156766629822535e-02, -1.4557276482691870e-02,
       -1.5370379044206742e-02, 5.5812950372414571e-02,
       6.9136403387623675e-04, -1.5717263780856281e-02,
       2.3902744127007367e-02, -4.6174068299831396e-03,
       -1.3835075469960528e-02, -1.6235979627433675e-03,
       -6.8284636585644555e-03, -6.2164035054571342e-03,
       -4.5729262510978384e-03, -2.2711739829696143e-02,
       4.7135076456387877e-03, -1.2267459021660453e-02,
       -1.8863086445529673e-02, -1.6252366733564363e-02,
       -4.5480974367476563e-03, -1.5406306513049604e-02,
       3.1139885299581036e-02, -4.9437671073683581e-03,
       -1.3299470829848916e-02, -1.0913643939469260e-02,
       -1.8458221975456639e-02, -1.5075357014794809e-02,
       -2.5240702736931186e-02, -2.1950298166335688e-02,
       -7.4733553870467203e-03, -1.7496827704629455e-02,
       -1.2567742088410980e-02, -5.0028522534333831e-03,
       -2.7975767506026216e-02, -5.3114137536824750e-04,
       -2.5140761349184824e-02, -5.5046305649899619e-03,
       2.8727572627334358e-03, 5.3173209459415199e-03,
       -2.1053989931298304e-02, 1.9274692323301451e-02,
       1.4291396132375860e-04, -9.6597825942960312e-03,
       -1.1854950527491805e-02, 5.8979659709761510e-02,
       1.2800316481972059e-02, -1.6077047367464802e-02,
       1.1233346823221527e-02, 4.3317840292147435e-02,
       -7.1486547054325960e-03, -1.7057301216256652e-02,
       4.1349373144193222e-03, 2.4015781448991670e-02,
