%YAML:1.0
bias: 1.6232487758125427e+00
beta1: 3.1736329207510920e+01
beta2: 3.7169724027296105e+01
width: 6
height: 6
orientation: 31
data: !!opencv-matrix
   rows: 1116
   cols: 1
   dt: d
   data: [ 2.4695284258384756e-02, 6.0551413834748262e-02,
       5.9496758875748061e-02, 5.4942996400876909e-02,
       2.7259464760370805e-02, -2.4552620440796102e-02,
       -3.3460606526749384e-02, -3.2742134068737744e-02,
       -1.8944659987577623e-02, -2.8879228338385403e-02,
       -2.2039039881219351e-02, -2.6509562448590200e-02,
       3.9611950222509674e-03, -1.2624559063613282e-02,
       -3.1801590900452349e-02, -2.0445396278859482e-02,
       -1.9008062584161448e-02, 3.4490379921024196e-03,
       -2.9430431875388258e-02, -3.1290657219014986e-02,
       -2.7564329988293342e-02, -2.0712470401708680e-03,
       6.8915550268580039e-02, 6.2678344076514320e-02,
       -3.3375911371679251e-02, -2.3858696443030222e-02,
       1.2607745279655481e-03, 1.3681554536566989e-02,
       -2.6530664238648978e-02, 6.4700908708391104e-03,
       6.4780139847500640e-03, -3.2772306117933078e-03,
       -1.5736449426101473e-02, -8.7781311352216167e-03,
       -1.9730760306515376e-02, -2.5582978085775154e-02,
       -4.8032449576283576e-03, 3.7206650978216425e-02,
       5.9674710627958864e-02, 2.3869447777213185e-02,
       9.6499199136338247e-03, 3.0155664217414391e-02,
       5.8517713007398961e-03, -2.7755209791206936e-02,
       -1.2705633528525851e-02, -1.1591751219848382e-02,
       2.9386494133575320e-02, 2.1609549343225985e-02,
       2.7200040561660914e-02, -3.1142436134251598e-02,
       -3.3247163492338638e-02, -2.8766820295114136e-02,
       2.5998806597839583e-02, -3.6806836096370456e-02,
       -3.1085005457968936e-02, 8.7459625987994748e-03,
       1.8269499900174478e-03, -2.3290788959261014e-02,
       5.7295958033731775e-02, 8.3045440290362274e-02,
       -2.5874542415022895e-02, -1.3690055254063872e-02,
       -3.5477884027322208e-02, 2.5764214287297301e-02,
       -2.6747382235179050e-02, 7.3415004156053676e-02,
       -1.9800364579833210e-02, 2.1387369417342969e-02,
       -1.4267149151490480e-02, -1.4724782064150368e-02,
       -3.8979995516502483e-02, -2.0019650113308973e-02,
       6.5193305885664299e-02, -3.2514024903381442e-02,
       -3.6985477802590136e-03, -3.5038314917395522e-02,
       -3.4384437927183792e-02, 4.7831255857913261e-03,
       1.5112012832165504e-02, -3.2882644640148312e-02,
       -2.4059153197079172e-02, -1.3429077620397266e-02,
       -1.6075116274077268e-02, 2.8818696494007208e-02,
       -4.1132116015191345e-02, -4.1162174858113569e-02,
       -2.3977777947086221e-02, -2.5432439612891610e-02,
       -1.9719796816761399e-02, -1.4507250976290732e-02,
       -1.4138861837577827e-02, -2.0098447290582619e-03,
       2.5309000916945233e-02, 6.3871187481097554e-05,
       -7.4262560697947863e-03, 3.6267737137690360e-02,
       -2.9181068030885892e-02, 1.8274148458408135e-04,
       -1.5615473896787524e-02, 3.7580428293442852e-02,
       -1.5772037516186530e-02, -2.4487395226471049e-02,
       -2.3109267084586521e-02, 4.6286250938119125e-02,
       -2.2426851540837463e-02, -1.1160981315840887e-02,
       1.1715361093047535e-02, -2.3741238363958698e-02,
       5.5403558413609014e-02, -2.8532425581599522e-02,
       -4.0167634412918221e-02, -2.8686889551589087e-02,
       -3.3503175908528325e-02, 1.4362704602864373e-02,
       -1.7115308330094250e-02, -4.3409701869556450e-03,
       -2.5509725106351622e-02, -1.8194958070381691e-02,
       -2.0655218968803207e-02, 6.5959290297543730e-03,
       -3.8261787311881783e-02, 6.7051701116917998e-03,
       1.6510072072360084e-02, 1.0794479220391354e-02,
       -1.4351999532874516e-02, -1.2661774186757721e-02,
       -3.1035416234735182e-02, 3.2286736505258540e-02,
       2.5798012436283504e-02, 6.7221316078739024e-03,
       -3.8050240096216693e-02, 1.8378843014038821e-02,
       -4.4931214707869149e-02, -5.8648679846691042e-03,
       -3.2224234054259941e-02, 2.6371494339907122e-02,
       3.7379461839624352e-02, 7.7847673699957085e-02,
       -1.4748792961899571e-02, 1.1654158662244155e-02,
       -5.1943811815497613e-02, -3.1264188683940722e-02,
       1.6996478968479924e-02, 8.0414631291452297e-03,
       2.0891035502314911e-02, -4.1181346808027916e-03,
       -2.9062751796360368e-03, -4.4258259261748499e-04,
       -2.0105403278545955e-02, -1.3582683522475193e-02,
       -1.8327334125464820e-02, 3.5833543181410790e-03,
       -1.0463657152911329e-02, 2.4495356434567107e-02,
       -3.2222325385171712e-03, -1.9609558821749272e-02,
       -3.0932127321190689e-02, -2.1783225304336462e-02,
       2.7869528504371934e-03, -1.2817792590030203e-02,
       -4.2958276094658528e-02, -8.0252285831633029e-03,
       -4.3590518066513963e-02, 2.4932668181904323e-02,
       -4.0539628090821359e-02, -1.1366458926650716e-02,
       -3.3687993130296363e-02, 7.8507098205152885e-03,
       -4.3555254399278161e-02, 2.0397461467995225e-02,
       1.4140718541746738e-02, 2.8031353233597435e-02,
       1.6429538330398542e-02, -5.2495846024397386e-03,
       6.7490043621199841e-02, 6.1255261478831188e-02,
       -1.9792561951790921e-03, 5.6121201811766934e-03,
       1.3100525621938496e-02, 8.1402587069965282e-03,
       2.5334919007063049e-02, 4.6670449314303343e-04,
       -3.2756112209096702e-02, -2.3285733914061083e-02,
       -2.8562656200664817e-02, -1.0470101081574564e-02,
       -3.0052193669693750e-03, 5.7504458540541863e-02,
       -4.5942330376225193e-03, -4.1101292372641342e-03,
       -1.2543611857119462e-02, -5.2748144268248316e-03,
       -3.3234453584902415e-02, -2.8310447315172713e-02,
       -4.9133333133885709e-03, -4.4243004191262042e-03,
       -2.9881457497391656e-02, -1.9332955228799853e-02,
       -4.2741343009215532e-02, -7.1391302826466253e-03,
       3.6905746576138508e-04, -1.6315027044377380e-02,
       -9.0736514776037121e-03, 4.9176729860874062e-02,
       -4.1242806173521711e-02, 1.0471025963359087e-02,
       -3.5831520196481337e-02, -3.1061561246223727e-02,
       -2.5820949575465744e-02, -4.0598566781072966e-04,
       -2.4555554766568684e-02, 2.1459822229759461e-02,
       -4.1925904412361470e-03, 1.0446291286870590e-02,
       3.2192519596280465e-02, 1.6819289654036423e-02,
       -9.5393613055846978e-03, 1.4577846946575412e-02,
       6.5467976892769952e-02, -1.1079521356533614e-02,
       -2.6083768645200494e-02, -2.4705255727494480e-02,
       -1.6360549318780327e-02, 1.9009865334068812e-02,
       -7.8367286439658089e-03, 1.9623942532900313e-02,
       -4.6713772147272646e-05, 6.4219817578020852e-03,
       -2.0163073411199502e-02, -4.4308515977991821e-04,
       -2.9044886511587521e-04, -6.5844648712185747e-03,
       -3.7480590729012796e-02, 5.4551726303973577e-02,
       -1.0701075793981862e-02, -1.6506664775739907e-02,
       -7.2124380574337477e-03, -1.8546836763613607e-02,
       -2.9140012786165799e-02, 1.8078007532876068e-03,
       -1.0623441758978468e-02, 5.1050183203879017e-02,
       -7.1807420145292523e-03, -4.3800538687800095e-02,
       1.7189746735734514e-02, -9.4477433237806375e-03,
       -2.4181097247388865e-02, -4.9555175810065731e-03,
       4.4121179579133590e-03, -3.3424589601567571e-02,
       5.1990676308287929e-02, 4.6629568890605773e-02,
       -4.7679046400581028e-03, 7.7926101512186777e-02,
       3.1705617467993850e-02, 1.7182219515359309e-02,
       -1.2535652596390157e-02, 1.1919570284510841e-02,
       -4.4903648894726624e-03, 1.7916198087908522e-02,
       6.3180836462227320e-03, -3.7694643878287051e-03,
       7.2520926778787487e-03, -2.4302247070394911e-02,
       -7.6890481309106308e-03, -3.7897452741214810e-02,
       -7.8573984114530988e-03, -2.6659741347408977e-02,
       2.8779329255012760e-03, 6.9752862250962402e-02,
       -9.9053984180407367e-03, -1.7388445331429504e-02,
       -3.4915740397830582e-02, -1.2988674865645537e-02,
       -2.7786425642103429e-02, 5.2123482049872124e-03,
