%YAML:1.0
bias: 1.4216528374391149e+00
beta1: -7.0111156916488806e+00
beta2: -3.0743910219074815e+00
width: 6
height: 6
orientation: 31
data: !!opencv-matrix
   rows: 1116
   cols: 1
   dt: d
   data: [ -1.7057139410468977e-02, 4.9285083307928704e-02,
       -7.4023560654076460e-03, -1.2878721060895380e-02,
       -5.9925546804058243e-03, -1.7330661737992324e-02,
       4.5960225388508490e-02, 1.8816682239849156e-02,
       -2.1877904748719281e-02, 4.4285843093756827e-02,
       5.0023955368884009e-02, 6.3981746807295445e-02,
       -1.6579111076147610e-02, -2.8321623695724382e-02,
       -3.2075602546448152e-02, -2.2371048787647702e-02,
       -5.5112150637636539e-03, -1.2182556620376225e-02,
       -1.2832773712731799e-03, 6.5236356836683912e-02,
       6.1735249161949043e-02, 3.2589671892079056e-03,
       5.1283780764782676e-02, -4.0280945109675463e-03,
       -1.7870297547183781e-02, 4.1852487514941569e-02,
       2.9276580646669079e-02, -2.3331082499419890e-02,
       6.3901198462280734e-02, 1.6214692139450291e-02,
       2.6025837275052421e-02, 5.0938024463555935e-02,
       5.4811794284872234e-02, 2.6624293781403699e-02,
       6.3150223350680618e-03, 5.0315650720366180e-02,
       -1.3625791868824028e-02, 1.4315197253678349e-02,
       -6.9482506917667940e-04, -1.1917805849350815e-02,
       -1.7263562325260752e-02, 9.2115685635929100e-03,
       6.1013706311990996e-02, 3.5656144719000034e-02,
       -2.1681676840799035e-02, 4.0041301123605592e-02,
       2.3146579729598465e-02, 5.6540886082152485e-02,
       -1.9122680054286998e-02, -2.2720643995712199e-02,
       -2.0076880763551373e-02, -1.4335708144464845e-02,
       -1.4414352380849562e-02, -1.9536587537286064e-02,
       5.4350168493914379e-02, 4.2772422130353573e-02,
       -1.5006689983430492e-02, -8.9957335993043133e-03,
       2.5508485687782741e-02, 1.6095513946386433e-02,
       -1.0627786274018051e-02, -2.4977082702165001e-02,
       -2.8882854473725683e-02, -2.9564291258359455e-02,
       3.5339491783352772e-02, 6.9024558693997914e-02,
       -2.0578904546842702e-02, -3.7930898344673683e-02,
       1.3334381747674758e-03, 3.0512793700298461e-02,
       9.0910409507365328e-03, -1.8821269459564839e-02,
       -2.2387120238528463e-03, -2.0575545419325393e-03,
       -1.0821680243461772e-02, -1.7404728739244677e-02,
       -1.5387793370357904e-02, 5.3574208841274135e-03,
       4.1782605217278876e-02, 3.6588124139913655e-04,
       3.4967069173641438e-02, -1.2724509260324297e-02,
       -1.5818149588504228e-02, 1.9212909548034406e-02,
       -1.1848086942819648e-02, -1.9558281790813786e-02,
       -1.6071396958304170e-02, -2.2003862091934173e-03,
       -6.1626473542954587e-03, -5.6410529528858290e-03,
       5.9194700540047329e-02, -1.8623705111461632e-02,
       -8.0532816909270714e-03, 3.8110858290564221e-03,
       1.0715226686937361e-02, 6.0204982613988505e-03,
       5.2129748280267674e-02, -1.2247898760533404e-02,
       -1.5921455481586400e-02, -1.0835564456399204e-02,
       1.4226419243750192e-02, 7.3926816152736479e-03,
       -1.3842027956423232e-02, -2.9217149866488792e-02,
       -1.0918161722628153e-02, -4.8023013958477558e-03,
       -8.1892039908844222e-03, -1.6338445501953021e-02,
       -1.6955745482757261e-03, 3.8151528278082903e-03,
       1.0723909408197417e-02, 4.2880204693731515e-03,
       -5.0320230259833232e-03, 1.5196304121596298e-02,
       1.6199256498849311e-02, 6.8308207606415476e-03,
       7.3181268269200631e-03, -8.7702959220344566e-03,
       -9.7644480144347592e-03, -4.1115558995555336e-03,
       -9.8206390565818858e-03, -1.3585672582932754e-02,
       -9.7227386251642917e-03, -3.0175896893477033e-03,
       -1.2559116510153245e-02, -1.3393179948217010e-02,
       1.8801880013864503e-02, -1.2214462348330270e-02,
       -1.1307385052255819e-03, 4.8634116731683750e-03,
       -8.8554968256251351e-03, -1.4567009933238154e-02,
       5.9475432827295935e-02, -1.2338854272923458e-02,
       -1.1656623639288034e-02, -1.6644310029311346e-03,
       -8.8742875125204720e-03, -8.5778200656426908e-03,
       1.6598307266354646e-02, -2.3912689590840943e-02,
       -1.1866383297608685e-02, -5.9463607509081546e-04,
       -3.0044842837760348e-03, -1.2549962752042598e-02,
       5.9407997290274834e-03, 4.7052024449386548e-03,
       1.6019447693261815e-02, 2.1225658156619431e-02,
       -1.1628778374377599e-02, 3.1039480955241051e-02,
       -1.4420051064142868e-03, -3.9811199273584973e-03,
       -1.5319969174316543e-02, -1.0403393759737695e-02,
       -3.7633506370747458e-03, -1.7298642882317604e-02,
       -1.0283732574082327e-03, -1.5051372821641745e-02,
       -1.5736904037414866e-02, -8.0532260853529280e-03,
       -2.3783298548814922e-03, -1.9710874708097651e-03,
       -7.6115867443934636e-03, -1.4910206941008076e-02,
       -1.1863874526224741e-02, -1.1267137995385069e-02,
       2.8465267580079136e-03, 4.0251321058486340e-02,
       2.8776412695981704e-02, -9.3537068608177155e-03,
       -3.6703429173141526e-03, -2.0939776257922552e-03,
       -1.0409523560660248e-02, -7.5762350089812070e-03,
       1.3614305486499320e-02, -1.5040937932614603e-02,
       -6.3809761926664644e-03, -7.7986692588612426e-03,
       -8.2917579666779706e-03, -1.1234561387213383e-02,
       -7.9235973195301759e-03, -8.4326742740588202e-03,
       9.7112306217766453e-03, -3.6173545154819606e-03,
       2.3812035672762997e-02, 2.1930014175777834e-02,
       -6.8076487582445951e-03, -2.9175190331793745e-03,
       -9.9419342062507278e-03, -1.0891354945411600e-02,
       -7.0349799104279347e-03, -6.3317971397152482e-03,
       7.4159954055478400e-04, -1.5560113214900303e-03,
       -1.3186659847114836e-02, 9.1496176112482175e-04,
       -1.1637092335614257e-02, 2.9333521110098083e-03,
       -1.0085577577435959e-02, -1.3516607009041857e-02,
       -7.4400289301135292e-04, 2.4984423932060615e-02,
       -1.8585404596229219e-02, -1.1652794700151313e-02,
       2.6692800110059145e-02, -9.9308063355886614e-03,
       -3.2157915111830125e-03, 5.8504844590493987e-03,
       1.2177238504572797e-03, 3.4164709169038181e-03,
       4.4795797681476839e-02, -7.9614604346191289e-03,
       8.3446897048887643e-03, -5.9740595106655605e-03,
       1.5759434860666468e-03, -1.4647935428689970e-03,
       -1.1366006232033384e-02, -1.0534866355054380e-02,
       1.3279297867826721e-02, 2.9346786333565366e-02,
       2.0219175504263727e-02, 1.9715190133855837e-02,
       -5.9999773634653291e-03, -3.3447135610788501e-03,
       -1.0774049969804619e-02, -3.7396989345038073e-03,
       -7.3930255133651795e-03, 9.5938506580729409e-03,
       -4.5812129176732962e-04, -7.1444451069602836e-03,
       1.4318596605676637e-02, -4.6545785745435424e-03,
       3.5054412673059701e-03, 3.4981116919717711e-02,
       -1.2143254858398251e-02, -9.6490563733071678e-03,
       1.8954822138116743e-02, 7.4096732917103600e-02,
       3.2391339273456818e-02, 8.7725252523930250e-02,
       -1.1901732081952476e-03, -4.8060832560617430e-03,
       -6.0732948417852230e-03, 3.0799218946794216e-02,
       -8.0350635189744626e-03, 1.7918390904589208e-02,
       -4.1157614290149476e-03, 2.0411584476110110e-02,
       -2.0692235211420750e-03, -2.6679482598451062e-03,
       2.8501862763242597e-03, -1.9327310068362580e-02,
       3.0296368684047063e-04, 1.7225811640381970e-02,
       2.4699829167332255e-02, 7.1921879705900083e-02,
       2.5999688499913142e-02, 1.1631447501840211e-02,
       -6.3043241299929392e-03, 1.2923295552737978e-02,
       -6.7433691322871013e-03, 1.6683673133784552e-02,
       2.1470423500755353e-02, 1.4969306644680427e-03,
       -9.4043352539675568e-03, 4.9971851276350697e-02,
       2.1952806008696743e-02, -2.4409344362990287e-02,
       6.1622705032840105e-02, 4.9159065110710810e-02,
       -2.2063643920905100e-02, -2.4791041046228145e-03,
       2.3919480845152576e-02, 1.4951693488691152e-03,
       1.9654279522786762e-02, 7.1416064748175759e-02,
