%YAML:1.0
bias: 1.5434840697738037e+00
beta1: 5.5945136916924611e+01
beta2: 6.3090225028375819e+01
width: 6
height: 6
orientation: 31
data: !!opencv-matrix
   rows: 1116
   cols: 1
   dt: d
   data: [ 1.1821566957818776e-03, 3.5072425927972037e-02,
       2.7518141184847425e-02, 3.4710748966785845e-02,
       1.4534935630642551e-03, 5.8753895444989171e-02,
       -4.2695648416638032e-02, -3.0716119883991824e-02,
       -1.7453386240080540e-02, -1.9410687584583516e-02,
       -2.1611823950079080e-02, 1.1570505641435913e-02,
       -2.6498882213024551e-02, -2.9553555719290421e-02,
       -2.2706252918288473e-02, -8.4240071685546727e-03,
       -1.8245513679267571e-02, 7.9087400012696485e-04,
       -2.6728426480687677e-02, -7.1432778446163959e-03,
       3.3158302873420691e-02, 4.3954308999061033e-02,
       1.3261603184345702e-02, -2.3430760656549043e-02,
       7.5865766388180697e-02, -2.5807293032746111e-03,
       6.2067015229187797e-03, -4.7561150786126537e-03,
       -1.9780251411148662e-02, -1.3804136891685245e-02,
       4.8975918203799311e-02, -6.9229029616837707e-03,
       5.5923117821093125e-02, 4.4615431261683478e-02,
       -3.0738191839186458e-02, 3.9433274260176499e-03,
       2.2054480294772277e-02, -9.1972451040868951e-04,
       1.1745933583278039e-03, 2.4466377366440845e-03,
       7.6389511897615465e-03, 5.9834836003964276e-02,
       1.8492989251808659e-02, -2.9742024655494238e-02,
       -2.8905988016205468e-02, -1.6606352968745099e-02,
       -1.1161306447929337e-02, 9.9369182527447621e-03,
       -2.5739533998141710e-02, -2.9416259868028996e-02,
       -1.1711583784288077e-02, -2.1003029657581558e-02,
       8.0336117622437989e-03, -2.1360312321176276e-02,
       -3.5902090592747127e-02, -3.2770763718380939e-02,
       7.0571982204066491e-02, 1.2400507705612721e-02,
       4.2123620054859215e-03, -6.9522402510772408e-03,
       4.5521389092509114e-02, -1.5692677071390417e-02,
       3.0905765451617807e-02, -1.9708033430127118e-02,
       -1.0918859571565766e-02, 6.1201659073528779e-02,
       4.6455555353756568e-02, 2.7458282673320004e-02,
       5.0489523540069983e-02, 5.1388691465520657e-02,
       -7.1067013249188384e-03, 3.9889066081989021e-02,
       1.1784508037087010e-02, -3.0228428963357548e-02,
       -1.7361506959903149e-02, -3.2399445122651263e-02,
       -3.7666612420736358e-04, 1.7953562140276162e-02,
       9.4457748678649818e-03, -3.5005367270350744e-02,
       1.7889086447649217e-03, -9.5046238236566015e-03,
       -8.2798300532272821e-03, -6.1340084563781452e-03,
       -2.4720528914429885e-02, -1.9302541597106260e-02,
       1.9621498732065052e-02, -1.1134067363015841e-02,
       4.5841355520717927e-02, 2.3042706955603860e-02,
       -2.4178008165879981e-02, -2.1511661795340859e-03,
       -2.6311114051568895e-02, -1.1056786607923197e-02,
       4.9078100883724066e-02, 4.0152134288418427e-02,
       -5.2786277302238607e-03, 5.8117158236927396e-02,
       -1.1722294409381301e-03, -4.6029903377259360e-02,
       -4.5023503499304882e-02, -1.9283637112086752e-02,
       1.6493597235613246e-02, 5.5308547180000521e-02,
       -2.9004827873079050e-02, -1.0488634611277501e-02,
       -2.4552117022802071e-02, 3.6845554267775589e-02,
       1.0474020355532253e-02, -1.8407252977972934e-02,
       2.1639447188951562e-02, -2.3506018631991858e-02,
       6.7323027009627279e-02, 3.9601773571621202e-02,
       1.7433706469608963e-03, 2.0642945338072555e-02,
       6.7884356111411626e-04, -5.4246987437367965e-03,
       2.8145594938470766e-02, -4.2371474472144462e-04,
       -9.6292702449302901e-03, -2.8036650110144626e-02,
       -7.1025084309625595e-03, -2.3653848436829366e-02,
       -4.8406493269355757e-04, 1.9769680267579859e-02,
       -1.3222534807932517e-02, -1.1807890504053530e-02,
       -1.2598214701560612e-02, 6.2225173464676266e-03,
       5.2482469594793600e-02, 1.5624384127969881e-02,
       -8.9148360835815694e-03, -2.2437648835435812e-02,
       2.4529732056455960e-02, -1.7360738501432594e-02,
       -2.1518579402505213e-02, -2.3385172424652396e-02,
       -1.7152224362798792e-03, 5.3882919579760477e-02,
       -1.1801291227131989e-02, 9.3840949056998510e-03,
       1.9264828496054799e-02, 8.7003938808220167e-03,
       9.0477474954952456e-03, -2.2976353028587977e-02,
       -2.6826286741234884e-02, -1.3860334661433490e-02,
       1.3539401086661792e-02, 1.0545738522771153e-02,
       1.0713113077537610e-04, -8.9520813697240263e-03,
       -4.7491256785201341e-03, -4.9810439756483183e-04,
       3.8568240550218444e-02, -1.6415587549701939e-02,
       -1.1871292604762114e-02, -1.0469962205289875e-02,
       -1.9659037157588991e-02, -1.1136361054463117e-02,
       1.5119746004161765e-03, 1.1456170058768771e-02,
       -1.2127461487472168e-02, -9.8045781038438064e-03,
       5.0810442684495446e-03, -2.1249511335202281e-02,
       4.6468324305178145e-02, 4.8473838470913293e-02,
       -3.3306581791836272e-02, -1.3911947840030275e-02,
       7.0015445246454339e-02, 5.3953035314726880e-02,
       -1.4125081013056033e-02, -1.5591489388572046e-02,
       -2.3481393714215579e-02, 4.6043003851375906e-03,
       -1.8250474542891200e-02, -7.9627571942755999e-03,
       3.9162385829402645e-02, -9.5181387672182358e-03,
       2.7568484669180920e-02, 7.6032994728734409e-03,
       -2.7827314475708968e-02, -1.9581368599583704e-02,
       -2.1928306728120951e-02, -2.9503444888188617e-02,
       -8.6315324027991525e-03, -3.1064591220607327e-02,
       -1.6298533643096632e-02, -2.3894567839021760e-02,
       1.8895609636240897e-02, -2.8150624197927049e-02,
       1.0465449614951015e-02, -8.8810890707463480e-03,
       4.0996347051246815e-02, -1.0247886178885858e-03,
       4.7438206076784520e-02, 9.8396093704333776e-03,
       2.3022719401255146e-03, -1.2399312950180449e-02,
       1.4126225979664371e-02, 5.0922500485518609e-03,
       -2.3881115245904999e-02, -1.7201008951143230e-02,
       -1.0459169488467842e-02, -2.3050713164290515e-03,
       1.5818291492556400e-02, -1.0308141562361223e-02,
       -2.4332823140900316e-02, -2.6888929861111539e-02,
       1.8465494961367609e-02, -1.7120093815404022e-02,
       -2.5437345342428613e-02, 1.6496788058549563e-02,
       -2.4632736626550283e-02, -2.1357413443895346e-02,
       -2.3315135508188232e-02, -1.4913493906601901e-02,
       2.6699318553749891e-03, -1.1486467874888525e-02,
       1.6973288756359983e-03, 6.0935194482072009e-03,
       1.8142244569575590e-02, -3.5140269498909839e-02,
       -2.3918587012484661e-02, -7.0241627382405178e-03,
       6.7812294558002167e-02, 2.3342293072444405e-02,
       -6.5436136193294083e-03, 2.0937459027476152e-02,
       1.6847194557055360e-02, -4.0463917301371156e-03,
       6.7211183171968308e-02, 4.1479559996749876e-02,
       4.9476064673081212e-03, -1.6203192439074306e-02,
       6.4763465490345104e-02, 5.5096180931206211e-02,
       -8.6779238173336666e-03, 2.4549174298153101e-03,
       -9.7393754711267069e-03, 3.2808109252042911e-03,
       3.4799525130408196e-02, -1.5563600887978273e-02,
       -8.7997884963627489e-03, 4.3243694332486239e-02,
       1.2948719267749154e-02, -3.4585051747524839e-03,
       2.3951608303363651e-03, 1.3499383701951412e-02,
       2.2121757931631601e-02, 3.4643799864979570e-02,
       1.2726903174463693e-02, 4.2598816648590568e-02,
       5.0363771554983736e-03, -2.4894505840445801e-02,
       5.5462500550488960e-03, 9.7666474840584425e-03,
       6.9474153477989374e-03, 3.2536731394240015e-02,
       -7.5434341486340798e-03, -1.0852689232551654e-02,
       3.4806801610005073e-02, 3.7687120718973351e-02,
       2.7729501225125259e-02, 5.3168093926633034e-02,
       -1.3275152208613113e-02, -2.8815445444569817e-02,
       9.7126856352364628e-03, 4.9567923718054567e-02,
       -1.8486532159490945e-02, -1.3193980796217343e-02,
       -1.2798737814566627e-02, -3.2260929821517126e-02,
       -2.4815595344662905e-02, -1.3299152473464432e-02,
       -1.1804756916550443e-02, 9.7785619473097878e-04,
