%YAML:1.0
bias: 1.5604820209071262e+00
beta1: -5.0159917619872347e+00
beta2: -1.1533066635465019e+00
width: 6
height: 6
orientation: 31
data: !!opencv-matrix
   rows: 1116
   cols: 1
   dt: d
   data: [ 5.4161521844106705e-02, 2.9163134087936401e-02,
       5.6858935958788048e-02, 1.6364699664421445e-02,
       -3.8871516080725846e-03, 3.1533157405274424e-02,
       6.3727928637036274e-02, 1.5323239987734862e-02,
       1.7358386643245665e-02, -2.3751411500928257e-02,
       -1.4469155113315296e-02, -1.3855368346032109e-02,
       -4.0058960276602072e-02, 1.0621632130053283e-02,
       -1.1881690664890112e-02, -2.0017117237645050e-02,
       -3.5422660654569130e-02, -2.4482427115998330e-02,
       -1.8470710242851494e-02, -1.8365374850795008e-02,
       4.3554419705446490e-02, -2.1773715181346277e-02,
       -1.5077282106800028e-02, 4.7260571463597113e-04,
       9.2241449700225849e-03, 3.4967230100342618e-02,
       6.1881542155107189e-02, -5.3021445060308203e-02,
       -2.1163890949390446e-02, 6.0420928943450775e-02,
       1.1544931557297694e-02, 5.0397178220935528e-02,
       3.9846385665816969e-02, 1.8048836497552068e-02,
       2.1178605839407096e-02, 3.9034068098550138e-02,
       7.8395621129964850e-03, 5.5078230943518408e-02,
       5.2686705801894405e-02, 5.9139496654049259e-02,
       -3.2352458687128889e-02, -1.2974238926977648e-02,
       2.6448262492954001e-02, 4.6691187723442495e-02,
       -1.5902723769064927e-02, 8.4324084099803819e-03,
       -1.6167502506883348e-02, -1.3265599412875674e-02,
       -3.1609762593329357e-02, 8.7125786332930243e-04,
       -2.9567804186660419e-02, -1.1258833388611753e-02,
       -1.4150278111470264e-02, -2.8580726987208600e-02,
       -3.7310670014839377e-02, 8.2177906695255105e-03,
       3.1317656436843491e-02, -1.0333625837300018e-02,
       -4.9745330581087432e-03, 1.5510928994129595e-02,
       -3.3611367225146668e-02, 1.1622214705562635e-02,
       9.0966865565350000e-03, -4.5773885444536540e-02,
       2.3902594103092121e-02, 5.6865235682663738e-02,
       3.8463097505157272e-02, 6.1382790320702096e-02,
       2.7070146609040377e-02, 2.9277457316984616e-03,
       5.3774690674529273e-02, -3.0466062132651541e-03,
       -1.2018644194280365e-02, 2.7732412930137274e-02,
       2.4384543612611657e-02, -1.2224814138468952e-03,
       1.7773962300280874e-04, -1.0953007295179760e-03,
       -1.4966680385887802e-02, 1.3685938242300875e-02,
       -4.5341447733330230e-03, -1.2081195930601403e-02,
       -2.3846361976278398e-02, 8.6440719544035594e-03,
       -1.4749177835707622e-02, 3.4451806615818634e-02,
       -9.6363104898590912e-03, 3.1789650551423007e-02,
       3.5979742053165176e-03, -4.9138488020745962e-03,
       -3.2857604247158001e-02, 5.8305592025193684e-03,
       2.1445826067218714e-03, -7.4124023557413203e-04,
       8.3706638528218309e-03, 1.0624381311043834e-02,
       -4.2350152910496090e-02, 1.8621296690307196e-02,
       -1.0223939930086887e-02, -4.4071554534648753e-03,
       8.0577397653380123e-02, -2.4358031688816787e-02,
       -3.1816644969611375e-02, 1.2305213309630114e-04,
       -2.9892976611793590e-02, -1.2724311157592552e-02,
       1.6219172091698979e-02, -1.3257924450376022e-02,
       -1.5237022473758716e-03, -1.0774265412713339e-02,
       1.5850986889026072e-02, -6.2059853571740688e-03,
       1.6071613270139121e-02, 8.1024779927590274e-02,
       -1.9103774254747848e-02, -3.7310142581503322e-03,
       -2.1292193742754689e-02, -2.6164842965521427e-03,
       -3.9198119351973558e-03, 2.9699824404504041e-02,
       -1.0091429866753767e-02, -1.1450866510667507e-02,
       -1.4411043578029935e-02, 7.6942111635674836e-03,
       8.8829343799955128e-03, 9.9178398045986649e-03,
       2.2040416404438268e-03, -7.0703338607666887e-03,
       9.8208528579828858e-03, -2.4839100491791933e-02,
       -7.1416473047965015e-03, 1.7709051730526604e-03,
       -3.0100675296040456e-02, 1.2230163546748808e-02,
       -1.1691319700594553e-02, 5.3740042757319681e-02,
       8.9560480478183976e-02, -2.1767851375714214e-02,
       -3.7214145390615953e-02, 6.1556165418191911e-03,
       -1.2287704072610216e-02, 4.3411374508391581e-02,
       3.1335674191224641e-02, -1.8952331505183516e-02,
       -1.8362974012822265e-02, -1.8868427293947769e-03,
       -1.5680604715217993e-02, -2.1504129426905758e-03,
       -4.2287784380103232e-03, 4.5549381345630358e-03,
       -1.6723946947560839e-02, -8.5608434483541752e-03,
       -1.5191468660127234e-02, -1.9510868293264177e-02,
       -2.3691578938753698e-02, -7.6564438339210405e-03,
       1.2183635607386127e-02, -1.5079272357160101e-02,
       -3.2358238259388265e-03, -4.7199766843428227e-03,
       -9.8411770746556666e-03, 2.4432868739264410e-03,
       1.8450443372669198e-02, -3.9174795182483502e-03,
       -1.0241359962886526e-02, -1.4502280381429391e-02,
       -1.9150659025356218e-02, -8.7742318175246733e-03,
       -2.1453307359090242e-02, 6.5371751673172097e-03,
       -2.3098976931520025e-02, 2.4213203836396961e-02,
       4.5823942381371309e-02, -6.5199744119048744e-03,
       -7.7909089884604672e-03, 3.4194626293887455e-02,
       8.8617092195654723e-03, 4.8138480973601870e-02,
       4.3571745297597241e-02, -1.4871508891455977e-02,
       -2.1355014649718115e-02, 6.1101356464656233e-03,
       6.2390614166939716e-04, 5.3984044002040953e-02,
       4.2272286403264657e-02, -1.0600530823812748e-02,
       -1.1149259064850644e-02, 1.5435711317443307e-02,
       3.0597429448951791e-02, 9.9471783489662562e-03,
       3.7289266778371313e-02, 3.7925765474476597e-02,
       9.4708524341172457e-03, -1.3995345973420160e-02,
       -1.4383371838645923e-02, -1.1906682569666979e-02,
       3.4614936653902077e-02, 4.4103605014394962e-02,
       1.4590991858474504e-02, 1.8171588955590734e-02,
       5.9477079664647332e-02, -9.0651355546243657e-03,
       2.2517873801339183e-02, 6.2762292451625391e-03,
       -2.4553174135946126e-02, 3.1014456369342282e-02,
       1.5464511344932272e-02, -2.7431475706854502e-02,
       -2.0406961143826376e-02, -6.3453732185178146e-03,
       -1.7308494576887826e-02, -1.3726239412409311e-02,
       -6.5836663469937568e-03, -3.0312420934546043e-03,
       1.1814747564957429e-03, -1.0793284957291717e-02,
       -1.6401948759682254e-02, -1.1976286971557537e-02,
       2.5621520424186108e-02, 4.4640721529819474e-02,
       4.5781631499067006e-02, -7.6453579834019972e-04,
       -1.0891249607324129e-02, 2.1793933960259686e-02,
       -4.2192879065283632e-03, 6.1878921350420118e-03,
       6.2930824317063538e-02, -8.0289271507531963e-04,
       5.9005324157239310e-02, -1.1024332521669757e-02,
       -1.5718040614174103e-02, 4.0141244301085441e-02,
       3.6414831705524300e-02, 5.6897376175562026e-03,
       6.8556097143445925e-03, -1.6365396540438448e-02,
       4.3527578582494980e-02, 6.8036555036180030e-02,
       1.1310359370969020e-02, -3.8660782765472931e-03,
       -2.7395188142468149e-02, -1.3411272235222513e-02,
       2.2419466102283304e-03, -3.7927973408719076e-03,
       -9.0009250072280132e-03, -4.8422660942662151e-03,
       -2.6577602055413381e-02, 5.5722013704147186e-02,
       1.0634954901426167e-02, -2.8443132695680388e-02,
       -1.1541149730431749e-02, 1.2631860212232802e-02,
       -5.3571617579400727e-03, 1.9980181986988636e-03,
       -1.1453154281372457e-02, -3.7784086273803960e-02,
       1.1455022757513877e-02, -1.0082036377952647e-02,
       -2.3766797496112484e-02, 7.0766454411112789e-03,
       -3.8002162411800086e-03, -2.1564504592722661e-02,
       7.4614098795591888e-02, 4.8154534333044230e-02,
       1.7672694040042097e-02, -2.8383453953243092e-02,
       2.7326441388535530e-02, 5.3169790463982000e-02,
       -3.7241934578097846e-03, 4.4928484699013456e-02,
       -3.5483238972777123e-02, -7.1422487442924371e-03,
       2.4088278184409163e-03, 1.2560783661175046e-02,
       -1.0033613608591334e-02, 4.6950392888406897e-02,
       -1.7054011961449844e-02, 2.7853112532408672e-02,
