%YAML:1.0
bias: 1.4527057955783242e+00
beta1: -9.1313076308413290e+00
beta2: -5.3420471499264925e+00
width: 6
height: 6
orientation: 31
data: !!opencv-matrix
   rows: 1116
   cols: 1
   dt: d
   data: [ 6.0276276802934049e-02, 6.1480097409077131e-02,
       5.5033318436296268e-02, -2.7460533886508244e-02,
       3.7184201910650349e-03, 5.4576159153006065e-02,
       6.2445088773812552e-02, -4.5383478471750574e-03,
       -2.5846173089200852e-02, -2.3670387251965491e-02,
       -1.5217395347570408e-02, 7.4421740458097563e-03,
       -3.5297336442714541e-03, 1.6819430604231154e-02,
       4.4579556088327400e-02, -1.7896450113059563e-02,
       8.2348850136109378e-03, -1.4993106440302120e-02,
       -2.7936296496562065e-02, 4.6032541055066704e-02,
       6.1105241274724158e-02, -3.2942644697909432e-02,
       4.5677748932682144e-02, 3.4820230130950813e-02,
       -1.8773231356865823e-02, -2.5216497995903107e-02,
       2.2107853100034526e-02, -7.5243411192918485e-03,
       -9.8250381026094846e-03, -1.6164861128008433e-02,
       -4.4051460429088635e-03, -2.9343848397111214e-02,
       5.2216433267264280e-02, 4.8481293104155401e-02,
       2.8893207894927303e-02, 4.9514645269038149e-02,
       1.1905087123474855e-02, 5.8419073144963196e-02,
       6.9322158347068716e-02, -1.8580477070685688e-02,
       1.5450253766555833e-02, 4.8646687648455006e-02,
       -2.9841776113744703e-03, -6.6366442165838833e-03,
       -1.7791787153083129e-02, -2.7728715039630099e-02,
       -1.7413852722213061e-02, 8.3775509723735628e-03,
       -2.0462354655393481e-02, 1.3280181581591647e-02,
       6.6067046965817312e-03, -7.7599170930526184e-04,
       7.2048444521850535e-03, -9.0705563444281739e-03,
       -3.2030212685364011e-02, 3.0122040223622918e-02,
       -3.0420319805234061e-02, -2.2248659386636081e-02,
       5.1052409107635879e-02, 5.6610192122977854e-02,
       -1.0714244644104969e-02, -2.8124062181712754e-02,
       -1.3925001864787661e-02, -7.7378821337917535e-03,
       2.1178986170647698e-02, -9.2052149663394284e-03,
       -4.0927264422887660e-03, -1.8756502262962670e-02,
       3.5489401029341359e-02, 4.4033027299280776e-02,
       1.2296601279731412e-02, -1.2463292252753184e-03,
       3.2793953492726339e-03, 1.5363010986124590e-02,
       2.0079071904066235e-02, 2.8210589569963269e-02,
       -1.2911711700055508e-02, -2.1193930929067378e-02,
       2.2986046116002037e-03, 1.7213243892210933e-02,
       -7.6188726262346584e-03, 5.8390651804103005e-03,
       -4.5469701217804668e-03, -1.4012326583729501e-02,
       -9.4669720469181557e-03, 2.2190745336433042e-02,
       -1.3456863085776129e-02, -1.3653240664416692e-02,
       1.1238302734452362e-03, -2.4792510348969994e-03,
       -2.3130625988696717e-02, 2.7953859207200445e-03,
       -3.1622787614361075e-02, -2.7993952411564244e-02,
       2.5815586446384250e-02, 1.3731110762743989e-02,
       -1.5783420940598553e-02, -2.3985126408496611e-02,
       -2.2512110559243778e-02, -1.8197669521384043e-02,
       7.0886058809349149e-03, -1.5580223151149170e-02,
       8.1151840588146538e-04, -3.6118254690316754e-03,
       -1.8290375273106094e-02, 1.7418757464276912e-02,
       1.0560918855588865e-03, -2.3419374655481287e-02,
       1.4808546485032999e-03, 3.4313352091646862e-05,
       -1.2219513473532622e-03, 2.5537327248424849e-02,
       1.3327527993269342e-02, -1.3222638868019483e-02,
       -1.5197815172074431e-02, -6.8228657775981118e-03,
       -1.1289080286445674e-02, -8.5997054263829368e-03,
       -3.2565383711759370e-03, -5.5351148095290938e-03,
       4.1282190461413180e-03, 4.1205289657570414e-02,
       -1.4387377087278648e-02, -2.0570523404504892e-02,
       -7.3957290269574903e-03, 1.5553793302657704e-03,
       6.3215478479788520e-02, 7.4158683593553570e-02,
       -2.0952429047989225e-02, -1.9100584259856994e-02,
       -1.0202992875731062e-02, -1.2887734217752425e-02,
       -1.4799059606098265e-02, -2.0808795363591343e-02,
       -2.3438030656096107e-02, -1.1818759653115293e-02,
       -1.4223796419084993e-02, -1.2962519413250696e-02,
       -1.3194696392170592e-02, -1.4767130538165293e-02,
       -2.2280811768118088e-02, -1.8802983375221186e-02,
       -9.6374802005641368e-03, -8.7263075185017875e-03,
       2.3818029735306712e-02, 1.4563722949988114e-02,
       -1.0832838618089421e-02, -7.7296166189376233e-03,
       -1.4628392948719034e-02, -1.7535433812383143e-02,
       -3.9946439490283654e-04, 1.0897404969092396e-02,
       -1.2067008707958571e-03, -6.0914869518134511e-03,
       -1.2105731229601709e-02, -1.1056007197283304e-02,
       -2.2120060653823385e-02, -1.7720715666773239e-02,
       3.2634230181369413e-04, 6.6551691021206781e-03,
       -1.7520089026712798e-02, 4.0352341280706631e-02,
       -1.5377330576716074e-03, 8.5172379708226970e-03,
       -1.7216449013522317e-02, -5.8216719613214674e-03,
       -1.2549490505506489e-02, 1.8827356056338167e-02,
       -3.6289784920637887e-03, 4.8292922276433073e-02,
       -2.6871027892905713e-02, 4.4289557322655534e-02,
       1.7515737559645351e-03, -1.6392005852971424e-02,
       -8.0778333973722579e-03, -2.6992683175711473e-02,
       -2.1535017489302234e-02, -1.9322332843171225e-02,
       -1.7066930693910819e-02, -8.8466858792326034e-03,
       -1.3806990264870320e-02, -4.7541072450858896e-03,
       9.4319656396485273e-03, -1.0852694427596380e-02,
       -1.5632319313637066e-02, -1.2141053718532123e-02,
       -5.7931904690639007e-03, -7.2909082365497351e-03,
       9.7094626429100606e-04, 9.3620123788297899e-03,
       -7.9492103561457483e-03, -8.1483896830299423e-04,
       -8.3057287785551093e-03, -1.8468627540914453e-02,
       6.8000710415757129e-03, 6.4108800743419042e-02,
       -4.9256587119772917e-03, 4.6836526612355142e-02,
       1.4335559601442883e-02, 4.4868999294586806e-02,
       -1.5235488619057923e-02, -4.2383166721323296e-03,
       -1.0150469609227157e-02, 8.4125047348144952e-03,
       8.7904032164518239e-03, 5.5160181232032146e-02,
       -1.7329800125391665e-02, 6.6577197578816666e-02,
       1.1920885661664493e-02, 3.7937521813019986e-03,
       -4.3415382490991604e-03, -1.8853159359069227e-02,
       -3.8293044444544285e-03, -3.9390743417769391e-03,
       -3.7978867626687288e-03, -5.9214061854444121e-03,
       1.1841760458942023e-02, -1.3551611444613072e-02,
       8.2607615514727235e-03, -1.4122473097281762e-02,
       1.9660398961290095e-02, 1.0327101622121830e-02,
       -1.3709687915482199e-02, -1.5861145032127488e-03,
       -7.6736635105833454e-03, -8.8365823156244527e-03,
       -5.2842003233979050e-04, 6.0913038480661687e-02,
       2.6528178402596556e-02, -1.4434445247724997e-02,
       -1.8497560279223243e-03, 4.1738490015678059e-02,
       6.0820979373162332e-03, 7.8039186467292451e-02,
       9.8127475175915427e-03, 7.9992490264824863e-03,
       -1.7492233057515960e-02, 5.4608444219914586e-04,
       -2.2654157842851196e-02, -2.1937829282819340e-02,
       4.6781336227590155e-03, 4.9753198065275277e-02,
       -7.0645493820535258e-03, 1.1901756229967097e-02,
       -9.2760340617430541e-03, -8.0777911676361749e-03,
       -1.3505473710975865e-02, 2.7572096535466273e-02,
       4.6955715936367317e-03, -5.4552044090379736e-03,
       -9.6480855374868387e-03, -1.2916941271637157e-02,
       2.0871277748897344e-02, -1.1951409923793713e-02,
       5.6010043557650234e-02, 1.1061328832023067e-02,
       -1.5169926713674313e-03, 2.5166963363425941e-03,
       -1.8977573279080742e-02, -4.6139580151720403e-03,
       -2.7977758154589575e-03, -2.0284986450300399e-02,
       1.4300834568213456e-02, 3.7111485974633485e-02,
       -4.9492279928426411e-03, -6.5521872046915477e-03,
       -3.8520467444070191e-03, 2.6499387964967962e-02,
       -1.3129859674088954e-02, 6.3714318740069428e-02,
       -6.3032072081760033e-03, -1.8969841148350167e-02,
       -2.1086062283205503e-02, 7.2682123490849862e-02,
       2.2523632817177085e-02, -1.9997992604900615e-02,
