%YAML:1.0
bias: 1.3847418076385825e+00
beta1: 5.9503018096502052e+00
beta2: 1.0353399208571247e+01
width: 6
height: 6
orientation: 31
data: !!opencv-matrix
   rows: 1116
   cols: 1
   dt: d
   data: [ 4.8739689525559099e-02, 9.8571810306261436e-03,
       1.7158020617359784e-02, 6.0902972400314989e-02,
       5.4129022751199976e-02, 5.4802131731259930e-03,
       4.8135092486645159e-02, 4.8652787558240845e-02,
       5.1243994497633394e-02, 2.1234672319339881e-02,
       -4.9198283620060963e-03, 1.8650884036384947e-02,
       -2.1324755227858896e-02, -2.7462710257238881e-02,
       -3.6647560031168813e-02, -3.0242752178411398e-02,
       -9.2172904936906833e-04, -3.3619844192513057e-02,
       -2.3521222001500586e-02, 4.1714092617712716e-02,
       -5.0047379707970187e-03, 1.5566579376111353e-02,
       1.8550094914404360e-03, -1.2692149946462276e-02,
       -1.0783224250658587e-02, 2.1594816051105300e-02,
       1.8879449575723273e-03, 4.5232506292461460e-03,
       -1.2888231696201059e-02, -2.1249606892932593e-02,
       1.4358459399995591e-02, 4.7332543841921385e-02,
       5.1751205154327590e-03, -2.3412077253111320e-02,
       -1.1974270997966061e-02, 1.5437831028961972e-03,
       -1.0769916087172515e-02, -2.6450545418672328e-02,
       6.2217097912458681e-03, 6.9388749615142478e-02,
       2.6969247699074026e-02, -2.0499889480140247e-02,
       -2.6339421290930760e-02, 5.9533244562729026e-03,
       5.7857883119981940e-02, 5.1577447367398367e-02,
       -1.1110133337588906e-02, -2.0370577407480269e-02,
       -2.5570826422664079e-02, -1.9200535862372629e-02,
       -1.6955418869753408e-02, -1.5834395998767667e-02,
       2.4375077174855257e-02, 1.7263472206460004e-02,
       -1.0311365085775235e-02, 9.4638032147634586e-03,
       -2.4616302480115194e-02, -4.2214064699458310e-03,
       9.5640393271924588e-03, 8.0203472895958722e-02,
       -1.2098753940360304e-02, -1.6004972847822426e-02,
       -2.7244521946220686e-02, -1.3608284541122232e-02,
       -1.8351322537670835e-02, 1.6700822139131814e-02,
       -1.5193302798444622e-02, -7.9007433421821281e-03,
       1.3136889325113570e-02, -2.5648548616531801e-02,
       -8.6765603384901177e-04, 7.0841213681605911e-02,
       -1.2580779699154051e-02, -1.6485204583432246e-03,
       -5.3900123903785060e-03, 3.4854470785862013e-02,
       1.8952356699969992e-02, 2.2395960910734172e-02,
       -2.4563068869743590e-02, -2.2415512743845709e-02,
       -2.4227942054235070e-03, 2.4245224602199390e-02,
       1.6872148499338388e-03, 2.0128720625340383e-02,
       -1.9415604549708160e-02, -1.4534409704139035e-02,
       -8.0819637865999806e-03, -5.7419775518563823e-03,
       8.7115427561865189e-04, -7.0999714782046270e-03,
       -1.8304905575162282e-03, 1.0417132693574714e-02,
       -1.9070785029627873e-02, 1.0818624549258238e-03,
       1.0216058717889632e-02, 3.9811496257928253e-04,
       -5.0043937246064167e-03, -1.0037143072031532e-02,
       -1.2749832530743046e-02, 1.0429294750752535e-02,
       -3.6645445155889037e-03, -5.0871193067988287e-03,
       -8.7470737612987352e-03, -1.1366476653297968e-02,
       3.0992403469703052e-02, -6.9588340611281153e-03,
       -3.3988222397952038e-03, 2.6468819681154367e-02,
       -3.0061180079196080e-03, 7.9035209438963368e-03,
       1.2403903950384673e-02, 8.2774328497164599e-03,
       3.6977220506246933e-03, -1.4507884422413355e-02,
       -1.4248091602665916e-02, 5.2689091096918758e-04,
       5.1259515031722276e-02, 1.3645719295662219e-02,
       9.6475247001381031e-03, -6.5090121155442614e-03,
       -1.9087346468423048e-02, 2.0823333761809401e-03,
       2.9647699408756872e-03, -2.4050508698692241e-03,
       -1.0414487603525235e-02, 2.5466483338615238e-03,
       -1.6149214300349664e-02, -1.0348085170922328e-02,
       -1.1254879858498500e-02, -3.3017805845249742e-03,
       4.0633564111721629e-03, 2.4639383393878032e-03,
       -1.9693212396530036e-03, -6.9210500027207106e-03,
       -1.2897975790830319e-02, 4.1209666060995978e-04,
       2.5228135881010298e-02, -5.2886763248815357e-03,
       -2.4752522877106088e-02, -2.6371321117722359e-03,
       2.2703179826793759e-02, -1.1234751690093069e-02,
       -1.6339469514557260e-02, 2.6842599362461505e-03,
       -1.4553395977966017e-02, -2.3177845554688600e-03,
       -1.2591543608497279e-03, -1.4405139381100654e-02,
       1.8557302530952544e-02, 4.3518368269545703e-03,
       -9.1751465236931326e-03, -1.1616298127017272e-02,
       1.7180447249142420e-02, -2.0656297626995088e-03,
       3.0709203294550715e-02, 8.5506405334726289e-03,
       7.2035288555292714e-03, -4.6707956962271265e-03,
       -1.2964122518594710e-03, -4.4123644555239643e-03,
       5.0535888515213980e-03, 1.3684016662498084e-02,
       7.7357434692483421e-02, -1.2400528419902952e-02,
       -1.4057902913882481e-02, -9.2620719490005363e-03,
       -2.6612572663412774e-03, -1.9069356271114331e-02,
       7.0859116635497724e-02, -1.1714980797895073e-02,
       -1.2682749685711014e-02, 6.7132986744387856e-03,
       2.6707194792933764e-02, -1.4490205545634061e-04,
       -2.1076064268975524e-02, -4.7332535181474501e-03,
       3.3931373292236571e-03, -1.7944771578081168e-02,
       -2.6110995608144609e-02, 2.0588092130258633e-02,
       -6.7589351630482587e-03, -2.4352471712054576e-03,
       1.4784694219469421e-02, -1.3700058308314892e-03,
       7.9047324893385812e-03, -1.5473376631130053e-02,
       -8.4934557330456992e-03, -6.4513099697393727e-03,
       -5.5796131889253274e-03, -1.1755780470318219e-02,
       -4.3916842856107381e-03, -1.4582308516215489e-02,
       4.6443578608517583e-02, -9.7605360132323356e-03,
       7.5448877780679505e-03, -3.1134430151019427e-03,
       1.1151991132749778e-02, 6.3414058804297305e-03,
       7.8478059643177001e-02, -1.0993041789140338e-02,
       -1.2950981145708388e-02, -1.5781620077688678e-02,
       -8.9984685284816169e-03, -7.5558069868568428e-03,
       7.8309203417347428e-02, 7.2139051269674466e-03,
       -1.3237270794455440e-02, -1.7030881204268378e-02,
       -1.7114406848570698e-02, 6.6800040260470553e-02,
       3.2724227934635957e-03, -8.3994955287033865e-03,
       -1.8427308083986092e-02, -9.5519833641899039e-03,
       -1.3259661155912809e-03, 6.6861180507053711e-02,
       7.8471313906244532e-03, 8.2828533026681247e-03,
       1.2621806468683270e-02, -1.7071123731781605e-02,
       1.5120199281288958e-02, -4.0287405151247157e-03,
       -1.3600140837389772e-02, -1.0950884012131411e-02,
       1.1274115447655587e-02, -4.5892739394612324e-03,
       6.3381215441564789e-03, -3.6241803522334111e-03,
       2.5575700007383941e-02, -1.6592804934242485e-02,
       1.1684240913769683e-02, -5.4966708505120527e-03,
       6.1032220800914519e-03, 3.3357708754583396e-03,
       -1.2910917043515213e-02, -2.4335804676741752e-02,
       -1.2346167283209239e-02, 5.7597906460800114e-04,
       -4.4901310387338005e-03, -2.3008275625957548e-03,
       -4.4445301409225977e-03, -1.7114258990391356e-02,
       -1.8886469518111987e-02, -1.4517140952362007e-02,
       -2.4207021213058632e-02, -1.4159810565159130e-02,
       1.4990646543597240e-02, 1.5676282019544199e-03,
       -1.8542295820913539e-02, -1.9344153116307154e-02,
       6.8891348866405109e-03, -2.4926859939742158e-02,
       -5.2089521817115878e-03, 3.2799650693187115e-04,
       2.3792881635261616e-02, 3.9792331811285504e-02,
       9.4247068719211478e-03, 4.9614628079761247e-02,
       -1.0788607666571507e-02, -1.2287193730348570e-03,
       2.2062783324724094e-02, 6.3614709517450362e-03,
       -1.3452932715939137e-02, -3.2316802342212222e-02,
       7.3742503205253010e-02, -1.7747373886551340e-02,
       4.8715295960215553e-03, -6.8863035981160349e-03,
       4.0131360249036803e-03, 8.3497516828673572e-03,
       5.2344016133610925e-03, -2.7268478768627896e-02,
       -7.5750584627460563e-04, 6.9194229552405812e-02,
       -2.7372771388364009e-03, 6.2637277343168693e-02,
       -2.7329603454986647e-02, 4.3307907198690916e-03,
