%YAML:1.0
bias: 1.4672956361020575e+00
beta1: -8.9897747030036754e+00
beta2: -5.1993712675577424e+00
width: 6
height: 6
orientation: 31
data: !!opencv-matrix
   rows: 1116
   cols: 1
   dt: d
   data: [ 5.7640160021084533e-02, 4.8211034284686774e-03,
       -3.4178921229991707e-02, 4.1054176129246479e-02,
       5.3874703489432352e-02, 5.5672731211218345e-02,
       -1.1987990819910315e-03, -1.8540678640482762e-02,
       -2.7455158541772565e-02, -2.9091203387733744e-02,
       -2.7486881266382086e-03, 6.5035741798667765e-02,
       -2.9958234436941664e-02, 3.2492462874231963e-03,
       -3.1061340310198950e-02, 5.5815955817618015e-02,
       2.2592422802497517e-02, -5.1230481473105369e-03,
       4.2919276860516345e-02, 6.0400493408016641e-02,
       -2.5007303940555906e-02, 6.3244652769004039e-02,
       4.1569821970585154e-02, -3.1313630461551480e-02,
       -2.3463112160512046e-02, -6.6665193998811240e-04,
       -3.1311297460041689e-03, 2.3776505445940593e-02,
       -2.4746119127222937e-02, -1.7544248996033115e-02,
       5.1185998893717680e-02, 2.9260354025905749e-02,
       4.1397567919821271e-02, 5.8884850766235439e-02,
       -2.0434843559164081e-02, 4.6543401758114521e-03,
       -1.4840614932604011e-03, 2.5832713515231028e-02,
       -1.1669322972549051e-02, 9.6839442337913351e-03,
       5.2425077075711588e-04, 1.3202595376486334e-04,
       -7.8835982453695167e-03, 3.2523648994697856e-04,
       -2.1222464774576866e-03, -4.5918253256851192e-02,
       -2.1296958400807760e-02, 1.0488789348199296e-02,
       -1.8730448870749056e-02, 2.5997514938939030e-02,
       1.6717633183493501e-02, 1.1431602282301764e-02,
       -1.8771012790175706e-02, -3.5350959405297401e-02,
       2.0567024278608577e-02, -4.5419349458612202e-03,
       -2.1516932289593906e-03, 4.2094867393837769e-02,
       -2.9350162090084776e-03, -1.1936073198349870e-02,
       -1.7976552963361030e-02, -6.6246026309681218e-03,
       -1.9923427073566903e-02, -4.4559497900482133e-03,
       -1.5035608466725881e-02, -7.3998428093730115e-03,
       5.9207553111522759e-02, 4.6495860109448298e-02,
       4.7937352205425554e-02, 4.9383643076012729e-02,
       2.5736033074724756e-02, 1.8167635335827555e-02,
       -1.5164985950369058e-03, 6.3386068998293355e-02,
       6.7607892211900181e-02, 1.8395053731076562e-02,
       2.7501875304424220e-03, 1.3830279150086928e-02,
       -9.1800877627511990e-03, 8.7393687602019317e-03,
       -1.0033930952781239e-03, -2.2252579074289156e-02,
       -2.1255401193276593e-02, -2.2155394900726334e-03,
       -1.8738320055515525e-02, 6.8761325908120535e-02,
       2.3685112819422042e-03, -2.3999400996322091e-02,
       -2.1826618106947814e-02, -2.4193126140634021e-02,
       -2.3271994790382191e-02, -1.9020888636064159e-02,
       2.2698842436128953e-02, 2.1262591950018700e-02,
       -8.6525766496612488e-03, -3.1657846097932311e-03,
       -5.4557531178158983e-03, -2.5875096934274457e-02,
       1.2470537940885526e-02, 1.0138238026325635e-02,
       3.0290028098851306e-02, 3.9955630783049811e-02,
       -2.1826989541398393e-02, -3.2335795944718457e-02,
       1.1708896270689696e-02, 3.6112659779123001e-02,
       1.9811683561976004e-02, 4.7965424714882434e-03,
       4.1268809543316843e-03, 3.6643862250451562e-02,
       1.0361643024498473e-02, -6.0695477298246710e-03,
       -2.5631196310124518e-02, -1.0822944514900129e-02,
       -2.0520671518029988e-02, -1.8098902165125400e-02,
       9.5828400687904616e-04, -1.8741587775194066e-02,
       -5.2771528659062254e-03, 7.5515672906073493e-03,
       4.2528107874375016e-03, 4.3351214002889028e-02,
       -1.0085102234372666e-02, -2.4883594304814106e-02,
       -1.9578178538089928e-02, -1.3687715914702765e-02,
       1.9114696001002445e-02, -1.0561391837954747e-02,
       1.0776678784251018e-03, -1.9327505561383018e-02,
       -6.8981931724015726e-04, 7.3632915916519631e-02,
       -5.5791459141358891e-03, -1.5681032433396226e-02,
       -7.0669098700772339e-03, -2.2362765216958382e-02,
       1.2928516848838337e-02, 6.0964842243183097e-02,
       -1.8380793049863061e-02, 1.0005681677203587e-03,
       -7.7210955904954345e-03, -1.1386709907762083e-02,
       -7.4528284385405440e-03, -2.7511684382845267e-03,
       -9.2003648230066151e-03, 3.4459953689798761e-02,
       2.9791368607239872e-03, -1.7743135528531837e-02,
       4.2616209434821525e-03, -1.9648229765732918e-02,
       -1.2157956802030977e-02, -8.1047115788688909e-03,
       7.7782779553682404e-03, -8.1752871432267116e-03,
       3.7647455820305591e-03, 1.6797021043035314e-02,
       4.9581348368517618e-03, 5.7359360462170220e-03,
       -7.5706010308199331e-03, -2.1095896708568256e-02,
       -5.0114730170510227e-03, -7.9248784939497732e-03,
       -4.5786672486688249e-03, -1.4554085377232564e-02,
       -1.6791298536705961e-02, -2.0767174839428665e-02,
       -2.5966436909133535e-04, 6.7242778136859915e-02,
       -1.1918927861237244e-02, -1.6377325118133640e-02,
       -2.4862690221368975e-03, -7.6276776529197263e-03,
       6.8652869910994872e-03, 6.3807399554210520e-03,
       -1.4143093776744041e-02, -1.1591951545435950e-02,
       -1.0544201244818816e-02, 2.1482509372530018e-03,
       1.0137785046254922e-02, -1.2151966928749898e-02,
       -7.4270744703704220e-03, -1.4505743020178735e-02,
       -1.1431771834607337e-02, -9.7625427916497570e-03,
       5.0992902977159719e-03, -1.3769376220303484e-02,
       -9.3303409640574427e-03, -1.8112427439568660e-03,
       1.2038821420062979e-02, 1.0575891009440102e-02,
       -3.4295450502087876e-03, -1.9767442329846879e-03,
       1.6562473270589632e-02, 5.1456054598499404e-03,
       -3.6438719459804900e-03, -1.1989515619396492e-02,
       1.0860167507690264e-02, -7.3222402863265569e-03,
       2.3090763834685238e-02, 1.3322668845852838e-03,
       -1.2682244412206816e-02, -1.5721122693270837e-02,
       -1.8430686883943101e-02, 6.0419551075102870e-03,
       -4.4765202474862376e-03, -1.0611371174055572e-02,
       -5.8153800304288870e-03, 5.2470245330782879e-02,
       6.7211730968923869e-02, -2.4628481803994313e-02,
       -1.0029521915884715e-02, -5.8539467848669341e-03,
       -3.3956981258586559e-03, 2.2256241248393691e-02,
       2.7537256271575550e-02, -1.0833506498391581e-02,
       -1.1599966152897467e-02, -1.8689640103141607e-02,
       -1.7644526731112851e-02, -1.2477991002567478e-02,
       -2.5049677958154971e-03, -1.7950373496305905e-02,
       -1.3857252327056547e-02, 1.9157053110306996e-03,
       5.3965625726173040e-03, -8.6055813035063530e-03,
       -3.6974478861727979e-03, 7.5788638705639065e-03,
       -1.8081623338038366e-02, 2.0537033765282729e-02,
       -6.0828097230180844e-03, -1.3131002113819028e-02,
       7.6250045802766273e-02, 2.8796410914401889e-02,
       1.6231429708867887e-02, 8.5130706460174593e-03,
       -1.5338366429382862e-03, -1.1398467247341986e-02,
       4.8338767798680980e-03, 5.3393488618781605e-02,
       1.1192910693293649e-02, -1.6347529687239144e-02,
       -4.5615493455168485e-03, 1.1344108491267933e-02,
       1.7628882428260842e-02, -2.4242871144032944e-02,
       -1.4350075103584983e-02, -1.0121573515928222e-03,
       -1.0569400618306015e-02, -2.4383273035658293e-03,
       -5.8566085022224417e-03, 2.6891348912144557e-04,
       -1.1474653755417889e-02, -1.0103574344993722e-02,
       -3.1892854793086067e-03, -8.0622584305248459e-03,
       6.3255078592752128e-03, 8.8935047891158994e-03,
       -1.5843455727625862e-02, 2.6593057913895657e-04,
       2.3554597327052729e-02, 3.4768093813619862e-03,
       -2.2768257564135357e-02, -3.0955412933035109e-02,
       -2.1199854856053284e-02, 1.4913884670144466e-02,
       6.7138058705761656e-03, -1.2059936693719140e-02,
       5.5461738315620818e-02, 5.2954629664485019e-02,
       -1.1800334558214765e-02, -4.9873953607602684e-03,
       -4.6198699456925854e-03, -3.6585698929615315e-03,
       1.4589291162275083e-02, 4.9126445328749567e-02,
       -7.8848606270561592e-03, 1.5916429663119782e-03,
