%YAML:1.0
bias: 1.4251950116197627e+00
beta1: -6.5780686720549122e+00
beta2: -2.3343877560067927e+00
width: 6
height: 6
orientation: 31
data: !!opencv-matrix
   rows: 1116
   cols: 1
   dt: d
   data: [ -2.0781160612689701e-02, -1.7130492635537106e-02,
       -2.1915341475170477e-02, 3.4366833941661554e-02,
       3.0429412559741326e-02, 4.2194030005346078e-02,
       3.6922777715418124e-02, -1.1316142405837296e-02,
       -2.6185610298116353e-02, 5.0342577741761034e-02,
       2.4380455415778959e-02, -2.2420605043562650e-02,
       5.6766804406274678e-02, 2.2259317844999526e-02,
       -2.7344285365244799e-02, -2.8942060596735174e-02,
       -9.5837865554514092e-04, -1.3141832222103911e-02,
       3.6489126321162024e-02, -1.5799399503861816e-02,
       -3.3364374672441841e-02, -1.5093507637632111e-03,
       -2.5161651102697364e-03, -2.7680595911182982e-02,
       -1.8947478779539395e-02, -2.5550920372430983e-02,
       -3.0942839413741589e-03, 2.8433544085578227e-02,
       -5.6427158421164239e-03, 6.0552733127259804e-03,
       4.6340223578307187e-02, 3.8093549203009940e-02,
       -3.3068175240668886e-02, 4.1573523304619317e-02,
       5.1950257287368476e-02, 4.1465354653478857e-02,
       4.7175517005079584e-03, -3.7800715068149592e-03,
       2.3503592065030637e-02, -3.5408261865745111e-02,
       3.7074228528818587e-02, 3.0638270502577107e-02,
       5.7201896327364670e-04, -3.8820265839566151e-03,
       -1.4950979146085539e-02, -1.5246872728913521e-02,
       -8.8385112383836031e-04, -2.5828534353464910e-02,
       -1.3722015018892267e-02, 2.2939570619015571e-02,
       3.0558383641209500e-02, -9.3972913606544303e-04,
       -1.5807424611334202e-02, -2.9408350099411222e-02,
       -2.4105925705808908e-02, -1.5379443656018673e-02,
       5.2915600910052110e-02, -9.5833278483538238e-03,
       5.3169412887922513e-02, 1.4398323992852801e-02,
       -3.9752110115645820e-03, -2.5293505354767994e-02,
       1.0633441851622797e-02, -1.0185589291537400e-02,
       1.9700334977151030e-02, 4.4012251329376723e-02,
       3.5622549036596660e-02, 3.1077287134759386e-02,
       -1.5038447450382644e-02, 1.8228296964162671e-02,
       5.1146504062665674e-02, 5.6241387637871010e-02,
       -1.8163874842995441e-02, -2.6401130346391549e-02,
       -2.8438376302936094e-02, 1.9896115247887612e-02,
       5.7232349501220019e-02, 7.2165394499303995e-03,
       -1.8180273559651228e-02, -2.3304369694661702e-02,
       -2.1468831633867334e-02, 2.1814464877836413e-02,
       3.7305584041746722e-03, -1.7549384471642247e-02,
       -1.0702571919253834e-02, -2.6178128884241651e-02,
       1.0964787754499298e-02, 2.0960862409029713e-02,
       1.0924414662630791e-02, -2.8083491768418407e-02,
       1.8833960490088172e-02, -7.3843642550842038e-03,
       6.7549627472666809e-02, 9.9612127048420551e-03,
       6.4130997498332135e-02, -9.8891526568596309e-03,
       -8.9025937659131874e-03, -2.7934102400150651e-02,
       -2.2405963035498050e-02, -1.9836474556213677e-03,
       -3.2458235978195561e-02, 7.5064727992105633e-03,
       -8.7058673075203867e-03, -4.9263671727976981e-03,
       -1.6835382487568523e-02, -2.3775357046705199e-02,
       -2.9060893893234900e-02, 1.3088863933066652e-03,
       1.8253663889913056e-02, 1.7501309035993000e-02,
       1.0669025833160210e-02, -1.7882688732615788e-02,
       -9.5000963890624606e-03, 1.9918083087134060e-02,
       -1.3071525529092924e-02, 5.9100362375472401e-03,
       -2.3110062815528732e-02, -1.7006286863760017e-02,
       -2.0349972370353617e-02, -1.3144416638822399e-02,
       -1.1483390046626980e-02, -3.9307567072369041e-03,
       9.2398434435299950e-03, -4.9264781674747873e-03,
       -2.8749009132354834e-02, -2.5005513943334792e-02,
       3.1208923463515018e-02, -1.8702232338254698e-02,
       2.8410236006625778e-02, -7.5714486148518020e-03,
       -6.0331348055104352e-03, 3.0322105194946436e-02,
       -1.5177342351095833e-02, -1.8164549494802260e-02,
       -8.5415421218264856e-03, -2.8289801717930770e-02,
       -1.7345927125316705e-02, -1.4302898803331653e-04,
       -1.6228928882393575e-02, -2.0248035866997156e-02,
       3.7659970864372489e-03, 5.2166808381290163e-03,
       -7.7420337087539901e-03, -5.4414113147400293e-03,
       1.2878598258374528e-02, -1.4100220532864097e-02,
       9.8900878568894748e-04, 5.7191423904447867e-03,
       1.1965043221701084e-03, -3.0054944544348053e-02,
       -1.0906177675201283e-02, 6.1488565840070739e-03,
       -2.0610133353513096e-02, -1.5480454103305763e-02,
       -2.1267964661372336e-02, -1.9869280836455186e-02,
       -1.9116927535387615e-02, -2.6432231053161795e-03,
       -1.1522534598258935e-02, -5.2554075517483451e-03,
       -1.6956822894363899e-02, -3.1344309485089046e-02,
       -6.0920783182316710e-03, 1.9190411382719305e-02,
       1.6359945043006155e-02, -1.1804608214504729e-02,
       -8.3650520839275606e-03, 1.4029536169402699e-02,
       3.1872039209805567e-02, -8.4223029477304250e-03,
       -1.5899126020489169e-02, -3.0712277341812734e-02,
       5.8693738031470849e-02, 2.8436358972231610e-02,
       1.4790232886559467e-03, -1.1975832675648578e-03,
       1.7229549552827489e-02, -9.4585129359083357e-03,
       8.1759853600586723e-03, 1.8172949925858460e-02,
       -3.2807488992686092e-03, -9.6873725725635917e-03,
       9.2335848569009525e-03, 1.2628387808014986e-04,
       -1.4215448885599448e-02, -1.0553904107628900e-02,
       2.9776190036236029e-02, 2.0192643046559978e-02,
       -1.8720497089514343e-02, -1.1772085955393134e-02,
       -1.0790222884222289e-02, -2.4762030071290238e-02,
       -3.2875418502761114e-03, 1.4283094475219058e-03,
       2.0433897480735394e-03, -1.5727723777627111e-02,
       -2.2479006320648906e-02, -2.2168680834594003e-03,
       1.2319128536071675e-03, -1.0009926896706347e-02,
       -2.9700944451204435e-04, -1.5060771673188993e-02,
       -2.1900776640045305e-02, 9.7977730475952846e-03,
       2.6407501113539972e-02, -1.2675017703762392e-02,
       -1.1061844065230642e-02, 2.3861239963241876e-03,
       7.2598961875718043e-02, 1.2804613333524759e-02,
       8.4327109214734578e-03, -1.0717699850327963e-02,
       3.8145792953904710e-02, -1.4818973459999494e-02,
       -1.1547506196654775e-02, -1.2669230545861832e-02,
       6.5421283569856437e-03, -1.8357241468352412e-02,
       4.3033869506660320e-02, 1.3251073672059608e-02,
       5.4234322746587321e-02, 2.9699098608806172e-02,
       3.5222221987335892e-02, 8.7467943503123004e-03,
       1.2488459236596521e-02, 5.0262497453383527e-03,
       3.5311577694744365e-03, 1.1166187631180727e-02,
       -1.4203432803744618e-02, -2.4315477256246196e-02,
       -1.6262642492525844e-02, -1.2057572175496049e-02,
       -5.6143054891477613e-03, 4.0814957965573002e-02,
       -4.8447531714812843e-03, -2.0899550943236575e-02,
       -1.6026310601943931e-02, -2.3842302039914103e-02,
       -1.7976966812302889e-04, -8.6760459316800546e-03,
       -1.2515235510770490e-02, -1.8386121249656107e-02,
       -2.5277891716741822e-02, -1.6883418468865097e-02,
       3.4989552590072685e-05, -2.1790556723260066e-02,
       1.1806922287972584e-02, -1.6526530195159768e-02,
       -2.3677096428685564e-02, -2.0208538834322928e-02,
       -1.6715648820629272e-02, -8.4717946494681350e-03,
       -6.7942903670675358e-03, -4.0568452943209217e-03,
       1.1721840388669526e-02, 4.2030946973073843e-02,
       5.3987803377147536e-02, -1.9646756376577784e-02,
       2.9614188952477322e-02, 2.6020742183042643e-02,
       4.9405917366363454e-02, 6.4523660020594370e-02,
       4.6502497713238292e-02, 4.5777223580066598e-02,
       -1.2990020679535582e-02, -2.0736669246229859e-02,
       -3.5960154779158954e-03, 3.1224819253503018e-02,
       3.7803029728954794e-02, 6.1535526312510032e-02,
       -2.5048448083635566e-03, -1.7475908177407157e-02,
       -1.1594672991073994e-02, -2.1463989502390660e-02,
       -1.1321263841610092e-02, 4.7018716987238035e-03,
