%YAML:1.0
bias: 1.5013156988554155e+00
beta1: 1.4693500764411128e+01
beta2: 1.9348472892091703e+01
width: 6
height: 6
orientation: 31
data: !!opencv-matrix
   rows: 1116
   cols: 1
   dt: d
   data: [ 5.2982868489107202e-02, 3.2904779716317882e-02,
       -1.4081276075720182e-02, 1.7203052837450817e-02,
       2.4158365809758570e-03, 1.4628727139552714e-02,
       5.6267284910923511e-02, 5.2368630851326523e-02,
       7.8227257473361608e-03, -9.2987677206203719e-03,
       1.6139122718317640e-02, 5.3969366584209505e-02,
       -2.5568816314970752e-02, -1.9736825703053303e-02,
       -3.0986970523232137e-02, -2.7758772179051969e-02,
       3.2332694453903313e-02, -3.5704877035687116e-02,
       -1.9053315789816599e-02, -2.4441243946393361e-02,
       4.3614373450530292e-02, -7.1882726643201222e-03,
       2.1965892819937737e-02, -9.4359849907064575e-03,
       -2.9889484441639878e-02, -2.6020176430851895e-02,
       -1.7477764403097621e-03, 3.5628149114411167e-03,
       8.4929647082751126e-03, -3.1716511953608195e-02,
       -1.1097942155117141e-02, -1.2017829513396795e-02,
       -3.6296962111887016e-02, -5.4806674022207930e-03,
       5.2869093899771263e-02, -1.6432922043865619e-02,
       2.8978935818544629e-02, -4.2835942229188084e-03,
       -1.6759109924613005e-02, -2.5264874729679032e-02,
       2.1478894601722590e-02, 5.4964504310353931e-03,
       4.7358119391817971e-02, 6.2877516552058759e-03,
       1.7084883772387476e-02, 3.3478662596244164e-02,
       -7.9544920491129243e-03, -1.8483257584795038e-02,
       -3.1844474225748445e-02, 1.3742499976490279e-02,
       -2.2319330821924848e-03, -7.8203536019488522e-03,
       -1.0132356687333144e-02, -2.4563231213454634e-02,
       -3.3906921456552136e-02, -1.9684671055921019e-02,
       7.2038770224719273e-02, 3.8677838894087949e-02,
       -7.4766095646775837e-03, 4.6166462416994986e-02,
       -3.1250657551778041e-02, -2.3506306509255261e-02,
       7.4327739164925910e-02, 3.6295099455950434e-02,
       6.1380855341884297e-02, 2.6545008291251407e-02,
       2.3870805120025332e-02, 3.7537650313488593e-03,
       -3.5824578661877736e-02, -1.1609189206927627e-02,
       1.6294372548583080e-02, -2.6827119828867719e-03,
       -1.4942733756026554e-02, -1.1235214621968763e-02,
       -3.0914239248238797e-02, 2.3459544551121037e-02,
       2.4239582706945217e-02, -1.6896578875180403e-02,
       -2.3920133748593905e-02, -3.3703211829475450e-02,
       -1.5739165339912438e-02, -5.2110679146835735e-04,
       1.9721758440703549e-02, -2.8294155399551178e-02,
       -2.9426938228172425e-02, -2.6717889543280953e-02,
       -3.2714903538604428e-02, -3.1102703382273628e-02,
       -1.0619595553313928e-02, -1.8932102124568358e-02,
       -1.1440054133580856e-02, -1.4026351778737527e-02,
       3.9304000869779157e-02, -7.2829367630828385e-03,
       -2.2731394281670488e-02, 3.5549253097470750e-02,
       7.4584592056859958e-03, -1.1893457787782512e-02,
       -7.0513196994851906e-03, 5.3085374893200024e-03,
       3.3614375263592185e-02, 6.7660169470199011e-02,
       2.4356654053858527e-02, -1.8952410642372679e-02,
       -3.1835799318496630e-02, 4.2698114272573418e-02,
       1.0689909513074145e-03, -2.6087096154524890e-02,
       -1.8791424724761828e-02, 1.3277997977984493e-02,
       1.3926624516568925e-02, 2.9798886801206466e-02,
       3.8890709135003983e-02, 2.4754161131789413e-03,
       -2.7597415492788879e-02, -2.3999276666549028e-04,
       1.8259759119178706e-02, 1.6734352304916465e-02,
       3.0797917379195926e-02, -1.9975598752227201e-02,
       -1.7515099957825353e-02, -1.7883087417054588e-02,
       -1.1754372434396193e-02, -2.7183022029967020e-02,
       -2.5400094607857197e-02, -1.6817351436017175e-02,
       -1.8238048442777086e-02, -1.4815983274603312e-03,
       -2.5236073049466796e-02, 6.5975871513856005e-03,
       -2.5995073364871255e-02, 6.7050619680861678e-02,
       -1.5524196258750792e-02, 6.4959175600872679e-02,
       7.0184790915119089e-02, -1.7014288260093959e-02,
       -2.3396384459646022e-02, 4.3242969394863294e-02,
       6.5805634279918323e-03, -1.2520017592140331e-02,
       -1.1926789429117686e-02, -6.5342444900041109e-03,
       -2.0249694720015532e-02, -2.7052788089020147e-02,
       -1.5874535675556176e-02, 1.2702124776264942e-02,
       1.2420684497041416e-02, -1.1435266956101357e-02,
       -8.9535999344032401e-03, -1.6977717829795208e-02,
       -2.3733847434068603e-02, 5.6475087450889193e-03,
       3.7762107125677860e-02, -1.5124516940041030e-02,
       -2.6332893310919162e-02, -2.5719012398957197e-02,
       -1.3580598637554855e-02, -1.0718834453407804e-02,
       1.2757563553761352e-02, -1.3291879126493860e-02,
       -1.5398033381440307e-02, -1.7690863254942877e-02,
       2.2751329001547010e-02, -8.2573010114880786e-04,
       -2.6880618181039664e-02, -4.8952355528237299e-03,
       -8.4660286932328483e-03, -6.8292609990782648e-03,
       6.5887894765050831e-03, 5.5540488341208283e-02,
       1.0210650713886747e-02, -7.0670399289112949e-03,
       -2.3259864304725590e-02, -2.7772463522988199e-02,
       2.0030199754280777e-03, 1.6236614325045681e-02,
       -1.6543820085111200e-02, 3.7317939149924886e-02,
       -2.0341969940339419e-02, -2.6416720459557529e-02,
       -2.0710106288350759e-02, -9.1407633933162525e-03,
       -6.3708714391841215e-03, -5.2167456758678288e-05,
       -1.1701099912215157e-02, -1.3491366369113144e-02,
       -1.3976272075936314e-02, -7.1169002932910284e-03,
       1.4459128726243055e-02, -1.2263371020031413e-03,
       -1.8193591840908130e-02, -1.8079003889650880e-02,
       -9.6617921589229449e-03, 8.9404345634292413e-03,
       -6.7379614271127937e-03, -6.6732262694599916e-03,
       -1.9225153221921698e-02, -1.4583971241002814e-03,
       1.0195670849814218e-02, 3.8905330137368195e-02,
       -8.9998013891183521e-03, 4.4281262229052959e-03,
       -1.6006289106357416e-02, -6.6566309718788189e-03,
       1.6063091424291594e-03, 1.1821824141630742e-02,
       -1.3406517794023073e-02, -3.5535579587954176e-02,
       -3.3141305247306345e-02, -1.7686968628375821e-02,
       -1.0207755351187241e-02, -1.0417736248006848e-02,
       -5.8649297036503355e-03, -2.8599884128741770e-02,
       -3.2690435010471086e-02, -1.5173122570641113e-02,
       -1.6016177839524682e-02, -2.5349318152498940e-02,
       -2.3170809731585390e-03, -2.7300844117847407e-03,
       7.3854186236819250e-03, -1.5464816892618995e-02,
       1.6219710409994953e-03, 3.7659728835451003e-02,
       2.3239254124282242e-02, -1.3007845470373536e-02,
       -1.0939395313790417e-02, -1.4287975222737153e-02,
       -2.3671841613877753e-02, 5.3825761837477608e-02,
       -2.9418866583786115e-03, 1.1239886544661907e-02,
       1.1399317905405968e-02, 7.8369232033434350e-02,
       1.9358880333733491e-02, 2.6234237917387646e-03,
       -1.8400904580228684e-02, 1.6523670085328394e-02,
       -1.7123757156799008e-02, -2.3859794441289037e-02,
       1.2554561719416057e-02, -1.0674799682697373e-02,
       6.1646531095436996e-03, -2.9205973817248883e-02,
       -3.2097158079330210e-02, -1.5086605892411557e-02,
       3.5471754291009974e-03, 3.9109893899328951e-02,
       5.6972911621732750e-02, -1.2257167999045965e-02,
       -4.2405998516607597e-02, -1.2706039173036605e-02,
       5.2869217084598068e-02, -7.7696832749914813e-03,
       4.0144454353779446e-02, 1.4778839036446216e-02,
       3.3619430203895365e-02, 1.0220502662990735e-02,
       1.4355376242744706e-02, 1.5736357559711599e-02,
       -1.1948168466970919e-02, 1.6578501903365510e-02,
       9.3397072079277731e-03, -1.7191347904297143e-02,
       7.5043279715631267e-03, -7.6567799014083861e-03,
       -9.5134513740191967e-03, -2.1724592436614360e-02,
       -2.1908421454538592e-02, 6.8530858115689292e-02,
       -2.0294095269651889e-02, -1.5181339511339195e-02,
       -2.2457274228709891e-02, -5.2987801281503700e-03,
       3.3330558767087966e-02, -1.6938070290756259e-02,
