%YAML:1.0
M: !!opencv-matrix
   rows: 22
   cols: 22
   dt: d
   data: [ 2.9999303548868733e-01, 4.1215292814511550e-01,
       2.4563181050141078e-01, 2.3938074200150788e-01,
       1.6910422219483906e-01, 0., 3.1624295770863037e-01,
       3.4382222769575732e-01, 3.8430762708210031e-01,
       4.5456200650682932e-01, 2.4688976366755197e-01,
       3.3142457005917636e-01, 1.4307102661831178e-01,
       2.0137131169292000e-01, 5.9171963899620050e-01,
       5.6158402488536263e-01, 2.3356995016366089e-01, 0.,
       2.4853297221291282e-01, 2.9479750666618926e-01,
       2.4647549917723857e-01, 3.4427631675192738e-01,
       5.0100591819593288e-01, 6.9847176316864490e-01,
       4.0092949472706851e-01, 4.3239279146594389e-01,
       3.9320701019988508e-01, 3.4020461940943481e-01,
       5.1840136327379704e-01, 4.6495746445648184e-01,
       4.3883558352413776e-01, 5.4879265930761312e-01,
       5.8922762712651444e-01, 6.4854974118320463e-01,
       3.6069901408873589e-01, 5.3821900790034038e-01,
       1.8744431015120530e-01, 1.8193586072670304e-01,
       1.1485794836732416e-01, 3.2216092643641653e-01,
       3.9422070000211096e-01, 2.2317142403187867e-01,
       6.0650516050531811e-01, 5.6998361253212193e-01,
       3.1686288822694503e-01, 4.5395537505604405e-01,
       3.6422123156675568e-01, 2.8819337077969848e-01,
       2.7935296851752256e-01, 1.2732902970706989e-01,
       1.9332039580157101e-01, 3.8504724977671556e-01,
       1.9265528870217954e-01, 2.9060429158035167e-01,
       6.1647893339847437e-01, 3.7356750911277808e-01,
       2.7088923736227238e-01, 2.3409707232638399e-01,
       1.1963653416426138e-01, 1.3108002873649510e-01,
       1.1485794836732416e-01, 2.7348270555236465e-01,
       3.8861049951833482e-01, 6.0654068654166449e-01,
       4.1236974683993394e-01, 3.9909380187082255e-01,
       4.8276300784675980e-01, 4.1081817922401392e-01,
       5.1967530098517090e-01, 3.3686151551696558e-01,
       1.7586886084792891e-01, 1.2462223429146013e-01,
       3.2610113531787410e-01, 3.8713316381224300e-01,
       2.4893556111843468e-01, 2.9060429158035167e-01,
       4.3207796015572109e-01, 3.5932526641692331e-01,
       4.3565346411981559e-01, 4.7360077825840791e-01,
       3.2256824097768733e-01, 3.4764608005305064e-01,
       2.9804696140649584e-01, 7.2195407272304543e-02,
       3.0548319019687870e-01, 1.7244249515153867e-01,
       2.7532162314310427e-01, 3.2607397068462013e-01,
       1.4391991258998665e-01, 9.0167070073740238e-02,
       9.8864352694385801e-02, 2.7186577870856216e-01,
       2.3862150873107515e-01, 2.0141372218889741e-01,
       4.0017192366777761e-02, 1.7617168625247376e-01,
       1.9001442854614281e-01, 2.5674950162805327e-01,
       2.8466450807045585e-01, 1.9455247018762400e-01,
       6.6707077949091231e-01, 2.3534549623342216e-01,
       5.7217472861168489e-02, 5.0855831990207941e-02,
       1.1871200179633673e-01, 1.4132331602664411e-01,
       5.1409260008051927e-01, 5.1852687209935411e-01,
       2.1904516630057586e-01, 2.8805056481828323e-01,
       5.5243586419496327e-01, 7.5411851092175908e-01,
       4.1669452997345835e-01, 4.7044924443837860e-01,
       2.1774779673795575e-01, 2.9207202472365501e-01,
       6.0645618782935284e-01, 4.7619560337064154e-01,
       4.2352755208672560e-01, 4.2783511762303528e-01,
       7.6617597569712970e-01, 6.8166846810435200e-01,
       3.7312038853411061e-01, 2.4500717685798723e-01,
       1.8744431015120530e-01, 1.8193586072670304e-01,
       1.1485794836732416e-01, 2.9210789435728224e-01,
       4.1567779177496106e-01, 2.2006564992250288e-01,
       6.6334175237720727e-01, 6.9132313452498950e-01,
       2.2151605468958835e-01, 3.2880487666020980e-01,
       3.5862035444325591e-01, 3.0302075002636791e-01,
       2.9446108613803684e-01, 2.6339124011347453e-02,
       2.7277022940615653e-01, 2.8017813666833141e-01,
       2.4307067807316379e-01, 3.8259047851833061e-01,
       3.1201779521999373e-01, 4.2489699688838745e-01,
       4.3422333720697988e-02, 2.7160348548858770e-01,
       1.1448256587095058e-01, 5.0855831990207941e-02,
       1.7115088886056801e-01, 1.7137634810577840e-01,
       3.3741823069693783e-01, 3.9775291779118543e-01,
       2.3239748165767085e-01, 2.8700469616503721e-01,
       7.5910829282745751e-01, 7.4308490115833747e-01,
       7.6513859347209123e-01, 4.0990393187831003e-01,
       5.6606128465575600e-01, 7.6488212327464389e-01,
       5.6408064639847122e-01, 6.0361303286510137e-01,
       4.9521562022581223e-01, 5.6882633601164978e-01,
       6.2047138465240548e-01, 6.6108963028456746e-01,
       3.5614878379220577e-01, 6.0595602942856164e-01,
       3.5052642299330938e-01, 4.6046244490849320e-01,
       2.3356995016366089e-01, 1.5837733683764185e-01,
       7.3616227377731713e-01, 7.1351214225605863e-01,
       4.8083675274447335e-01, 6.5173138091695482e-01,
       6.2377190334982469e-01, 6.5967813780157913e-01,
       6.6237234889543739e-01, 6.5848969336593843e-01,
       3.7237145834235519e-01, 7.2876693995430586e-01,
       6.0578430411373396e-01, 4.6036977285897501e-01,
       3.7464626565257114e-01, 4.4949120741554183e-01,
       7.2838070344262185e-01, 6.6216672982353386e-01,
       5.2278347473534481e-01, 6.9130265613014241e-01, 0., 0., 0., 0.,
       3.9594220065645114e-01, 1.6170701929369838e-01,
       8.2864448190995255e-01, 7.1902306288114992e-01,
       7.6595282319688152e-01, 9.2581983182933369e-01,
       8.0744773375590384e-01, 6.1722266747365551e-01,
       5.0330863677260973e-01, 9.2121322279621387e-01,
       7.2257006385105649e-01, 6.9346236618714141e-01,
       5.7696291578427994e-01, 6.5255087736176531e-01,
       7.7302404245238499e-01, 8.2090670036073632e-01,
       5.8059495492372326e-01, 6.7651532413912385e-01, 0., 0., 0., 0.,
       7.5389836722543213e-01, 2.7396687407568932e-01,
       9.2372730750368293e-01, 9.2949231255340414e-01,
       4.1204198124651542e-01, 6.1790916611183222e-01,
       4.3662336597281864e-01, 5.5478312508963590e-01,
       2.2612068897363696e-01, 1.9384270316846230e-01,
       4.5415659129129765e-01, 4.0140622452022284e-01,
       3.7446661270010712e-01, 3.7285889367239267e-01,
       4.3036035896278335e-01, 3.6661848667465763e-01,
       4.3009909320118156e-01, 5.5555210202055394e-01,
       3.1395031508767229e-01, 3.4501797356880703e-01,
       1.1485794836732416e-01, 0., 3.5871959294845890e-01,
       1.1879511440359625e-01, 5.3759117198991968e-01,
       3.8915392761978540e-01, 2.5660678737625420e-01,
       3.5528995758321152e-01, 2.3192351519807725e-01,
       2.3250492601581796e-01, 2.1438744637192134e-01,
       1.0487699170187204e-01, 2.9021323012072242e-01,
       2.5979080516934416e-01, 1.1090799314371184e-01,
       1.6467706089774892e-01, 5.7884695107148965e-01,
       4.5538495029992165e-01, 3.8272927459678374e-01,
       3.2737095025266422e-01, 2.1867597823251217e-01,
       1.8410543877308838e-01, 5.2438887064231263e-02,
       3.5867712409280578e-01, 3.3822066990742150e-01,
       4.0853091076368847e-01, 4.3021316363395490e-01,
       3.4318465807760667e-01, 2.5810237463152486e-01,
       2.0619383431895635e-01, 3.9931150592408654e-01,
       3.3558060249000810e-01, 3.0474731218944029e-01,
       5.0102705603712550e-01, 1.0043021697198862e-01,
       8.9849333322039995e-02, 3.0162192337707749e-01,
       3.1568829477236826e-01, 2.7465893728124174e-01,
       3.0673771343879119e-01, 5.6978704667070910e-02,
       1.4777306219353967e-01, 0., 0., 0., 0., 2.2135168926891569e-01,
       2.6200163386699449e-01, 2.9452015945279142e-01,
       3.7021086670229891e-01, 3.7207445570700409e-01,
       6.5171769077110675e-01, 3.2552730435072463e-01,
       3.3447079845852107e-01, 2.5932639316249473e-01,
       1.7133687643834450e-01, 1.4826821142959978e-01,
       2.7583991953424847e-01, 4.2219127795031858e-01,
       7.2827064929383623e-01, 3.7689897042737397e-01,
       3.7126078136245805e-01, 1.5892451266477597e-01,
