%YAML:1.0
bias: 1.6184548161791974e+00
beta1: -3.8710701234157567e+00
beta2: -2.0243942647995534e+00
width: 6
height: 6
orientation: 31
data: !!opencv-matrix
   rows: 1116
   cols: 1
   dt: d
   data: [ 4.7111909101107637e-02, 4.5597847754103235e-02,
       4.6072829394010972e-02, -3.7390722998053405e-02,
       -1.7451945667569741e-03, 5.4004700628833967e-02,
       7.3468020797574626e-02, 3.1138197791722236e-05,
       -1.8538966337458697e-02, -2.8115358782595905e-02,
       -1.9457793941938868e-02, 1.4149888389246947e-02,
       -1.3420053120436291e-02, 1.0230444346428625e-02,
       3.2704790926222457e-02, -3.2524121956782615e-02,
       -3.1758444393625088e-03, -2.1258336918277547e-02,
       -3.4940785727380748e-02, 3.6244350217025267e-02,
       5.1839060962905754e-02, -4.6027009414711689e-02,
       3.6488093136468176e-02, 2.5165804687855259e-02,
       -2.5659810844862910e-02, -3.3524611275302631e-02,
       1.0847339817101774e-02, -1.2000214024708179e-02,
       -1.2139079020372872e-02, -2.5102216033244112e-02,
       -4.4645677491828555e-03, -2.4799639134066583e-02,
       6.1558071641708276e-02, 4.5205777134263339e-02,
       3.3062786663256759e-02, 5.0633666026403304e-02,
       -2.3502462151624853e-03, 6.3530027222764046e-02,
       7.3978809454636835e-02, -2.0620050465551841e-02,
       1.2631906089899898e-02, 2.9713802127322345e-02,
       5.9402379509545505e-03, -3.6166641169943850e-04,
       -6.4327562976321719e-03, -2.2727751187041158e-02,
       -1.8333629950349779e-02, 4.4308536640724388e-03,
       -2.6553613407531665e-02, 1.1378526215293391e-02,
       6.3203033694490688e-03, 6.2245023838019466e-03,
       2.5538671136212999e-03, -1.5619777071734030e-02,
       -3.1767767224280909e-02, 2.9997021827001605e-02,
       -4.2045259300695186e-02, -3.7350811278589850e-02,
       4.6594431978238794e-02, 4.2800562222076163e-02,
       -1.5319501784618722e-02, -3.3957085183566563e-02,
       -3.1574031717537449e-02, -1.5183659397976751e-02,
       1.7275132899833030e-02, -1.8061610489704626e-02,
       -1.4579568647524153e-02, -1.9321580951359281e-02,
       3.3077166277292992e-02, 4.3281390639883635e-02,
       3.1810152001909078e-03, 3.2787760703143929e-04,
       -3.1220028247365673e-03, 1.6695249756805693e-02,
       2.0172401196995891e-02, 3.3931311878702131e-02,
       -2.3792985399578668e-02, -3.9973034742386997e-02,
       4.2958802077466569e-04, 1.5889608993961166e-02,
       -1.9910098440462896e-03, 8.5553888992151161e-03,
       -1.0124682961731456e-02, -2.1785297020600627e-02,
       -1.9878439375535139e-02, 2.9551296434212226e-02,
       -2.2139340752033040e-02, -9.0891805577891314e-03,
       -3.8800419939498173e-03, -9.5697905357096952e-03,
       -1.2632875677218115e-02, 1.1417303553943232e-02,
       -4.1918449837529674e-02, -2.5393112979824536e-02,
       2.3856596182036588e-02, 1.1244274855368386e-02,
       -6.0348601802434950e-03, -2.6953094009293056e-02,
       -3.4912646894115842e-02, -2.9714258668253050e-02,
       8.3153423312971701e-03, -1.9558148941573365e-02,
       4.5821886125342881e-03, -3.4561235159666619e-03,
       -2.8914752323678808e-02, 1.1047935457115309e-02,
       1.7568665442138243e-03, -2.1291619409622563e-02,
       4.9480350310035955e-03, 5.1896745783403496e-03,
       -1.6620691905320142e-03, 3.2004275967667632e-02,
       1.3876908772729891e-02, -2.7205469727496101e-02,
       -1.4853530632676781e-02, -8.0577287972940347e-03,
       -1.0685479858474792e-02, -7.7034024936950760e-03,
       -7.3993107329780525e-03, -4.8680504448157212e-03,
       1.3365851570712246e-02, 6.2145856627418630e-02,
       -1.6268903383384554e-02, -2.0895213558763077e-02,
       -5.0827058126392891e-03, 3.8493738589690362e-03,
       7.8602119768635001e-02, 8.7355426828913660e-02,
       -2.6168359115010729e-02, -1.7369465593657162e-02,
       -8.0523770194868526e-03, -1.0489870021571703e-02,
       -1.6927035649625784e-02, -2.1155240135507208e-02,
       -2.3006911966843662e-02, -1.6769000703514898e-02,
       -1.7691234408820290e-02, -1.1585886509191103e-02,
       -1.4039739704413658e-02, -7.4009011399270973e-03,
       -1.7245467757346637e-02, -1.1461421395240442e-02,
       -1.3949405843742328e-02, -1.1494206893382746e-02,
       1.7183760350447278e-02, 1.6167591019352563e-02,
       -1.5178825521938347e-02, -1.3330046304299993e-02,
       -1.7155299440066822e-02, -2.8484044320491200e-02,
       -1.8574995283443217e-03, 1.4154087053090838e-02,
       -3.9251161631036688e-03, -1.0656831592969901e-02,
       -1.7007306981612083e-02, -7.6675758930427017e-03,
       -2.2173386241790952e-02, -8.5438554704551934e-03,
       -6.6150426396153136e-03, -4.4957708537193015e-03,
       -1.4761371508113212e-02, 4.2221249007313610e-02,
       -7.1535101225018603e-03, 1.9018859948913825e-02,
       -1.6217383510911464e-02, -9.8023995194809321e-03,
       -1.0301361548158743e-02, 1.6741686900099147e-02,
       -6.7590193229941573e-03, 5.9463723494683755e-02,
       -2.6103977121311565e-02, 4.5772214354607176e-02,
       2.1260788063306550e-03, -1.4222734538561113e-02,
       -9.6193604318523928e-03, -2.0139920983117336e-02,
       -1.9033376916779438e-02, -1.1743125937835773e-02,
       -1.7094750282244643e-02, -1.5459838242697470e-02,
       -1.7065902756213568e-02, -8.5371840402628778e-03,
       3.8212339063375244e-03, -8.2683445738441115e-03,
       -2.1856226077232411e-02, -1.7064409408886885e-02,
       -1.2448340584450109e-02, -7.2035387079451754e-03,
       2.2680792323419973e-03, 8.1480340953668864e-03,
       -1.4401557125164808e-02, -1.1531279817976680e-02,
       -8.1660009368222410e-03, -9.9563433963362237e-03,
       4.6294629908244164e-05, 5.3869673388830794e-02,
       -5.9315119584821812e-03, 4.4546674080967560e-02,
       1.0651181836120670e-02, 3.9087756653680375e-02,
       -1.5729940831262987e-02, -5.2348499028957822e-03,
       -4.6454003810701971e-03, 1.6999586558274118e-02,
       -1.9868991229208752e-03, 4.5109759412578776e-02,
       -2.3396619996929394e-02, 6.9014750944393966e-02,
       1.7843790758904722e-02, 1.1188107865769150e-02,
       -1.2272154256233325e-02, -2.6447152758215776e-02,
       -1.3957456658124966e-02, -5.4803581430074317e-03,
       -1.0018373447279398e-02, -7.7424482722702366e-03,
       1.0518377213502253e-02, -9.2522043321222065e-03,
       5.9448297328826907e-03, -1.6391430602631638e-02,
       1.3150839435960812e-02, 1.6149109744651082e-03,
       -1.0189033894789812e-02, 4.1140300607614404e-03,
       -1.2363200288086348e-02, -1.5893828137263744e-02,
       -6.8191528173866568e-03, 5.5036268301975305e-02,
       3.1044713408838624e-02, -3.6872220819294324e-03,
       -8.6020522318842434e-03, 2.9548624060089974e-02,
       -3.0446683465116626e-03, 7.8326113190051574e-02,
       7.3686820381661348e-03, 5.1592698298971503e-03,
       -1.4289235850397864e-02, -1.1265505822239666e-03,
       -2.2758923732557182e-02, -1.5439765003346137e-02,
       -1.2744960606111922e-03, 4.2708496664763035e-02,
       -4.8461066999774885e-03, 2.1282592769296147e-02,
       -5.5231428458031515e-03, -2.2869942892006466e-03,
       -1.9347222596493366e-02, 1.4999952289471374e-02,
       -7.9533612806809741e-03, 3.4443437107285358e-03,
       -6.9157700526455822e-03, -1.1704858686929352e-02,
       2.8755208740931050e-02, -1.2206906065462089e-02,
       5.0533091602025140e-02, -9.9852221901306133e-05,
       -1.8792706147684095e-03, 2.0307831081678909e-03,
       -2.8496224679219886e-02, -3.5004620363236760e-03,
       -1.4292023925892528e-03, -1.9107857583763384e-02,
       8.6963494092712514e-03, 3.1577707810794005e-02,
       -3.5055903216207086e-03, -7.2904963811836025e-03,
       -3.9989201694649659e-03, 2.9966424624427827e-02,
       -1.7995438523594344e-02, 6.4581119836997297e-02,
       -4.0915249163941004e-03, -1.9411261628233333e-02,
       -1.2839732336120686e-02, 8.7975313938502470e-02,
       2.7376225069866509e-02, -1.6733368583393537e-02,
