%YAML:1.0
bias: 1.6559088022663342e+00
beta1: 2.7791178433607755e-01
beta2: 3.1056922027235232e+00
width: 6
height: 6
orientation: 31
data: !!opencv-matrix
   rows: 1116
   cols: 1
   dt: d
   data: [ -4.1445352961164875e-02, 2.3579076958655694e-02,
       4.6463048686965464e-02, 3.7149795831111575e-02,
       4.9043115754292627e-02, 1.6408541486841854e-02,
       -3.6468726557676190e-02, -2.5360322066739986e-02,
       -3.2251479366527058e-02, -2.7340914930408394e-02,
       -3.5203348089698570e-02, -2.8288871774954125e-02,
       -1.8915320623242748e-02, -3.3947908020629039e-02,
       -2.7757679151997932e-02, -3.5498741317369381e-02,
       -2.8765268694015460e-02, -1.2107619856811018e-02,
       3.8007431007349844e-02, 5.3189029027900528e-02,
       -1.4692101510715851e-02, -3.3110431070552407e-02,
       -4.2110546436217991e-02, -3.2892223446229010e-02,
       -5.4171369715593481e-03, -3.3581175298292937e-02,
       8.9381361906391010e-03, 3.3795828785607076e-04,
       -2.5660012888424580e-02, -3.3320120780851531e-02,
       -2.6818592005958545e-02, -2.0372302282150138e-02,
       -2.4304207041528983e-02, -3.2371301371114061e-02,
       -1.4314780469680870e-02, -6.1440180938888631e-04,
       4.4181318274171474e-02, 6.0727045754779142e-02,
       1.0373139340736479e-02, -3.4344472008839270e-02,
       -7.7322993825469713e-03, 1.0969143048647273e-02,
       7.7042871968409313e-03, 2.2571835995346262e-04,
       -2.4699006974358818e-02, -3.8475430408258834e-02,
       -6.4201678208279352e-04, 2.4894235759539067e-03,
       -3.5253561236204517e-02, -3.2115894364362414e-02,
       -3.6087533601572755e-02, -3.0925410215083181e-02,
       -1.8317413012455850e-02, 3.2722254797608588e-03,
       -1.9555136922105049e-02, -1.6069632089557938e-02,
       -4.1604918640566250e-02, -1.8664828689527228e-02,
       -2.3401581065435322e-02, -2.8971209076642954e-02,
       -3.2298701630163577e-04, -3.3692137835519817e-02,
       -2.4653726896440520e-02, -6.5988654269074510e-03,
       -1.8111527731632847e-02, -2.4167390045405392e-02,
       1.8859752067885996e-02, -4.4404226240038959e-02,
       1.9252399541819312e-02, 5.8077788477890711e-02,
       8.3232257287645366e-03, -1.7036515117781037e-02,
       5.6561868378424994e-02, 2.3188607173564038e-02,
       1.9875815340312146e-03, -3.9525513680169405e-02,
       -2.0190830278472235e-02, -2.3914451923226943e-04,
       2.0317608573532788e-02, -1.0009262528175277e-02,
       -2.2732813279279188e-02, -4.0807683115987675e-02,
       2.5774349984948167e-02, 5.7591552945307689e-03,
       -1.8152105487888807e-02, -2.2423152722284879e-02,
       -2.4479411752245692e-02, -2.9293271816446573e-02,
       3.3334017895999025e-03, -2.9503591782622289e-02,
       -2.0221588765219792e-02, -2.4564418975859571e-02,
       -2.2268637984628518e-02, -2.2123905495550170e-02,
       -1.5783464470146339e-02, -1.3508509559551964e-02,
       -4.1106295463424793e-03, -1.8239668703022290e-02,
       1.7605488279446517e-02, 7.0987959358470073e-03,
       -2.0340457139759308e-02, -2.4866210157593566e-02,
       -5.0683514553904470e-02, -2.9503379691271210e-02,
       -2.2281387920093515e-03, -1.6070576873390575e-03,
       -1.4513400389581972e-02, -1.2881678058820097e-02,
       2.3978178958885286e-02, -2.0218102573238590e-02,
       -1.9730736271504765e-02, -3.0290723248106020e-02,
       -1.3300560791251418e-02, 1.1085039528738775e-02,
       1.1806388624946235e-02, -2.1366491431165521e-02,
       1.2017636210081423e-04, -1.0968124357884752e-02,
       4.1323497785755427e-02, 4.7236163679429878e-02,
       -1.1867157623464544e-02, 8.4286391193521409e-05,
       -1.3160673491350600e-03, -3.8741827324019311e-04,
       -9.6675219930801234e-03, -9.5291466040141153e-03,
       -2.1365609051974554e-02, -1.5442266003037306e-02,
       -1.5265372544913145e-02, -2.2186654215104632e-02,
       -4.1719242701835614e-02, 4.7758308111390438e-02,
       3.8170814689884032e-03, 1.0545830822220846e-02,
       -1.0315329715208797e-02, 3.3073715224009287e-02,
       -1.5598082063944146e-02, -2.0672726192056887e-02,
       2.5631347413165896e-02, 8.6655603111584229e-03,
       2.8571420885845807e-02, -4.0505406261308427e-02,
       -6.3037675571036844e-03, 3.5322501259784686e-02,
       6.8827089385496698e-03, -2.9567973664507214e-02,
       4.4000018194482850e-03, 3.3806222142602815e-02,
       -4.2527849801589496e-03, 5.2978073607429736e-03,
       -3.8826689686734590e-02, -3.8750867610344866e-02,
       -4.6950295332607687e-03, 1.2332953375673038e-02,
       -1.3622214537629379e-02, -2.2591796774732841e-02,
       -2.4609994049013588e-02, -2.5693509829690740e-02,
       -1.3171146846641103e-02, -1.0262405549513017e-02,
       8.6837061885874055e-03, -1.1895842216341736e-02,
       -2.3733990319710976e-02, -2.9982017505450521e-02,
       -2.3015608106776525e-02, -2.1087075884283164e-02,
       7.6019752414808878e-02, 4.1485662339886167e-02,
       -1.7723538633010495e-02, -2.6041824349837105e-02,
       -7.2187377762162885e-03, 4.6629907823317650e-03,
       1.5726367933052043e-02, 1.6514055812096688e-02,
       5.2486304391837109e-02, -3.5842821326245972e-02,
       -3.4711685785610832e-02, -1.3867558010476717e-02,
       -3.0065479747617876e-02, 5.5893131976444153e-02,
       4.5434560129053093e-02, 2.0742213663494595e-02,
       1.0058973404638936e-02, -9.1082170839596847e-03,
       -1.5977180307001074e-02, -2.8766724458222776e-02,
       -2.4506485852602095e-02, -2.6557045636522971e-02,
       2.2041143825798644e-02, -5.3086759523944538e-03,
       -1.6226206492686551e-02, -2.5245416431143475e-02,
       2.5169300061662556e-04, 6.3896369820419328e-03,
       7.4415521084051584e-02, 2.2948561254841481e-02,
       -1.1569935760679169e-02, 1.1178414514611571e-03,
       1.3636591628632594e-02, -1.1845734333269468e-03,
       6.1588422421663246e-03, 1.9430566810764256e-03,
       -8.3274646470509802e-03, 4.7477170623525439e-02,
       -2.3235862256927083e-02, -2.0025643274282023e-02,
       -1.6636392301387401e-02, -1.2081394566161091e-02,
       -3.6029592976655062e-02, 5.1916384823218129e-02,
       3.1999702690130978e-02, 1.3525050226514092e-02,
       8.3855811013237250e-03, -2.9467331119670783e-02,
       1.7440733206158321e-03, 5.6921842936844297e-02,
       -3.2469759109622440e-03, -2.6537148624092018e-02,
       -1.4020768599464790e-02, -1.2770433299658282e-02,
       1.2785277999234389e-02, 8.1919665327567625e-03,
       -1.7242033485194697e-02, -2.0006383624526787e-02,
       7.2626497896299312e-03, 1.8170489393434311e-03,
       -2.6313441276437904e-03, 1.0167289325482116e-02,
       -1.7356101359746218e-02, -2.0033359458845563e-02,
       6.1983506714732267e-02, 3.2518034125341169e-02,
       -2.8525054026192983e-02, 1.0022504100048100e-02,
       -1.6065640872833260e-02, 9.8743571331078341e-03,
       -8.2539683006993651e-03, -1.5919475843263871e-02,
       -7.7008432478715867e-03, 2.3613281469453847e-02,
       -9.4268175287519299e-03, -2.5640682184480616e-02,
       -2.6139411731367308e-02, -4.0878761440378102e-02,
       4.9037658301908482e-02, 5.7658866445536271e-02,
       -2.1558278835696876e-02, -3.4663877902162230e-02,
       -1.4266564550564065e-02, -3.4141153950873526e-02,
       -1.3992215502403113e-02, 5.8390401426150575e-02,
       -2.6482156600835388e-02, 8.2711052889497885e-03,
       -1.8150481007760313e-02, 3.1100342183581200e-03,
       3.7728440923046388e-03, 1.0523919584141610e-02,
       1.8248595162170351e-03, -1.1149232604398183e-02,
       4.1202027100598920e-02, -1.9287849539149582e-02,
       4.9627746359645428e-03, 1.6118518671647000e-02,
       -7.0943132937921457e-03, -4.7350799851105012e-02,
       1.5827445342422451e-02, 9.5991473915095528e-03,
       3.4392202950805251e-02, 4.4482390722354282e-03,
       3.5980537768055244e-02, 2.0001729760280199e-02,
       9.3307034682663798e-04, 2.6666137139185295e-02,
       4.0936019940523455e-02, 5.3389826657347074e-02,
