%YAML:1.0
bias: 1.4828498082418411e+00
beta1: 1.8158963465241715e+00
beta2: 5.0484436560926031e+00
width: 6
height: 6
orientation: 31
data: !!opencv-matrix
   rows: 1116
   cols: 1
   dt: d
   data: [ -4.6237577028116986e-03, 7.9973002023424281e-03,
       -6.6248928075609082e-03, -8.1456764175931867e-03,
       -1.0204974240531378e-02, 7.7950056621451352e-02,
       -1.8190527489003018e-03, 5.5295766276397219e-03,
       -1.4891185955692703e-03, -1.2354551125439844e-02,
       8.5999071781432072e-04, 7.6606420911753792e-02,
       -2.0160244323819482e-02, 2.1381762728838273e-02,
       -3.8268337771058033e-03, -1.7950454265526605e-02,
       5.8875799560933938e-02, 4.1003547624600151e-02,
       -1.6659958364888264e-02, 3.0319364633986393e-02,
       -4.7879535112963613e-03, -8.2864118971060479e-03,
       -1.6199320983348975e-02, -1.0359971865957480e-02,
       2.0289589910607465e-03, -1.4624336406536641e-02,
       4.5909266987275762e-03, -4.3614589430651524e-03,
       -1.0758759148891371e-02, 1.4403857042408149e-02,
       -1.1168972962565533e-02, -1.1186483821004827e-02,
       -5.4879743457622188e-03, -7.6031291941412553e-03,
       3.7353993356956062e-03, 8.1769495636624820e-02,
       4.6258824396425376e-02, 4.1340766307481847e-02,
       9.7648445315966486e-04, -1.5207555871777025e-02,
       1.9414413448022177e-02, 5.1816769173343671e-02,
       2.2537100608589780e-02, 4.9435934247754297e-02,
       1.7623018575507989e-02, -8.4932015405560588e-03,
       -6.6700082348763769e-03, 1.5813220871067193e-02,
       3.0335255234787604e-02, 3.5522725487361240e-02,
       1.5172984502503040e-02, -1.5176620307583242e-02,
       1.6221872534575868e-02, 4.4366558440905091e-02,
       -5.6203847019267424e-03, 4.3826610692000681e-02,
       -1.0106910413917165e-02, -6.8626548451504073e-03,
       -1.7766777392553626e-02, -1.4346274431410566e-02,
       -1.4947250767558210e-03, 1.8052953791532038e-05,
       -1.1134454908122602e-02, -7.9629868307632516e-03,
       -1.3557070483557143e-02, -3.8384156371807964e-03,
       -1.4146811564537901e-02, -6.8596663808040120e-03,
       -1.0997607933661101e-02, -1.0060182482204895e-02,
       -1.2680529534051953e-02, 3.4956111138254465e-04,
       2.2570732242049966e-02, 1.7392215568763351e-02,
       -1.0361239670964997e-02, -4.4842218363894699e-03,
       7.0857698418175921e-02, 1.1854879067140391e-02,
       2.9228017753918029e-03, 3.5557689569155077e-03,
       -5.0639620705674425e-03, 4.4484771471268543e-03,
       2.5715792845592538e-03, -9.2473585584319107e-03,
       -9.0341423320724652e-03, -4.5882436120502305e-03,
       -1.0433878912676577e-02, -1.9662547425922838e-02,
       -8.8492300987770625e-03, 7.2823797828180875e-03,
       -1.4368872817091169e-02, -3.8583412285536408e-03,
       -1.1568677416889486e-02, -2.0161515248984192e-02,
       -2.4505781400494909e-02, -7.0110853390512023e-03,
       1.2245300647099021e-02, -8.9888335960110633e-03,
       -1.2651544845120518e-02, -2.1124316512859655e-02,
       -2.0978821920353889e-02, -2.2190820351507858e-02,
       8.9892025679289313e-03, 9.2742613738562574e-04,
       -2.9318737785847000e-03, -1.5184560023415049e-02,
       -1.1282995441559751e-02, -9.2564410661151453e-03,
       1.2894914063496625e-02, 2.5320984889812416e-02,
       -2.6520699892604759e-02, -2.5953548014850308e-02,
       5.1405105361998105e-02, -2.3725067481559465e-02,
       4.4634220761856691e-02, 2.5504082356009483e-02,
       4.2715624147943903e-03, 3.4076005476127470e-02,
       5.2151329860223392e-03, 1.8611125814156172e-02,
       -4.3372022099570709e-03, -2.5021031151387561e-02,
       -6.4113418731507818e-04, 2.8901325428717987e-02,
       4.8610986470739220e-02, 4.2513230538742626e-02,
       1.8882005818718559e-03, 6.9671928836712920e-03,
       -4.6494859410708671e-03, 1.7502138484201790e-02,
       -1.3491435152258847e-02, -2.5095344328416324e-02,
       6.1031457914193015e-03, 3.5638600654265530e-02,
       -1.6795710130854801e-02, 1.0957838596879503e-02,
       -2.0528167904928108e-03, -2.4795636254182192e-02,
       -8.4986554394759495e-03, -3.7374130945195105e-03,
       -2.3710339205294334e-02, -5.6038955747778531e-03,
       -1.6775348141134898e-03, -1.8868729571576742e-02,
       1.2576983839857911e-02, -1.0048268031337629e-02,
       -2.0802228712807045e-02, -7.3522169147341781e-03,
       2.3989809710454387e-02, -1.7024305616633744e-02,
       8.5298568930077898e-03, -1.2635346232320372e-02,
       -1.6669276517184792e-02, -3.6708589909787759e-02,
       -4.7003244006510091e-02, -1.3535449812395425e-02,
       4.5223272114268461e-03, -2.4755655495840329e-02,
       -5.7216390120437173e-03, 2.6631530416122092e-02,
       4.2481462166207448e-02, -1.0258693147546514e-02,
       1.1182543032076020e-02, -1.9155373785824676e-02,
       -1.9302217757612348e-02, 3.0618665377569985e-02,
       5.4868673935779495e-02, -1.8418039091491867e-02,
       6.6882614339422497e-02, -1.0567764638321842e-02,
       4.1808432797852098e-03, 4.0898646620146521e-02,
       5.2847110103847732e-02, -1.7887158196449805e-02,
       -3.1878036616985921e-03, -2.3090955801298163e-02,
       -4.3078656839886383e-02, 1.8686853702305356e-02,
       5.3076446470082431e-02, -2.3933774667965070e-02,
       9.1550481075695668e-03, -4.5797841122861126e-03,
       -5.2870253032357593e-03, -1.9398494033944176e-02,
       6.8048216940852745e-03, -1.3477460654873864e-02,
       7.8754988350282686e-03, -2.0125335424164042e-02,
       -1.7919451658316148e-02, -1.1738746354357215e-02,
       5.8389649677990929e-05, -2.0491001231998388e-02,
       1.5551194613166001e-02, -1.4527397698975892e-02,
       -2.2322082530141195e-04, -2.5254140111943789e-02,
       -6.9961862632614818e-03, -2.1526922291259964e-02,
       -2.4098663369303375e-02, -1.3887104909098474e-02,
       -1.5077162322829823e-02, -3.6471715794009874e-02,
       -3.7100585895814366e-02, -6.7496730805770792e-03,
       8.3481659554276947e-03, 1.1773422158043530e-02,
       -6.0468526131326819e-03, -1.1436423525400375e-02,
       -3.7687155737268642e-02, -1.2291147752247024e-02,
       2.1263870077695094e-03, -1.1105825359941793e-02,
       -1.9114971370713624e-02, 5.0757982415763458e-02,
       4.9401390880098359e-02, -1.6719873517398526e-02,
       -1.0594500864458158e-03, -1.7844592361450175e-02,
       2.8076911697536462e-03, -2.8191942482752638e-03,
       1.5643263447397041e-02, 1.3208449621003239e-02,
       4.2405964602756890e-02, 2.3272013355337285e-03,
       -2.0712627161074668e-02, 4.8909615894761390e-03,
       3.4242890524534199e-02, -1.2097465222582003e-02,
       2.2059937587944785e-02, 4.5277950668165534e-02,
       -9.8032496546119827e-03, -2.0677848214142067e-02,
       -2.1496763191845496e-02, -4.3219002085456513e-03,
       2.2162229131648378e-02, 2.7052719599859110e-02,
       -1.0289527503011280e-02, -1.4418903910812247e-02,
       -2.4029117927636855e-02, 1.2526277038464706e-02,
       2.8938481589953810e-02, -2.0358968554091070e-03,
       -1.2257075178476656e-02, 1.6368276842940493e-02,
       8.7281157965097642e-03, -2.5287024083866048e-03,
       2.5739013464748314e-03, -1.5960941041172863e-02,
       -9.8478496830275795e-03, 6.2745434246085793e-02,
       5.1397029311596426e-02, -1.1237920723463312e-02,
       2.0018897167051783e-02, 1.8227300031790093e-02,
       -6.1069897032074352e-03, -7.8545488816198598e-03,
       3.1053397641318880e-02, 3.5627515513087689e-02,
       5.2527295846427499e-02, -1.7725232169545420e-02,
       -1.9754486593575045e-02, -8.0908223740934742e-03,
       1.0372461826546674e-01, 6.7080451847874381e-02,
       5.9708879969629092e-03, 4.0488173293229207e-02,
       -1.0453896406009426e-02, -1.5187131971624945e-02,
       -8.0950438550159709e-03, -5.0931101971682310e-03,
       8.1078881931900063e-02, 6.6684784631575553e-02,
       5.0358198229904661e-03, -1.0946974556612721e-02,
       -7.2433574183173224e-03, 2.7410467401039317e-02,
       3.2984041016000901e-02, 2.8222537757849657e-02,
