%YAML:1.0
bias: 1.5321833565546110e+00
beta1: -6.6125798010078118e-01
beta2: 1.8382929784681588e+00
width: 6
height: 6
orientation: 31
data: !!opencv-matrix
   rows: 1116
   cols: 1
   dt: d
   data: [ 4.1293401085952849e-02, 2.3245007409497188e-02,
       2.5113385066764804e-02, -2.3338403402289775e-02,
       -1.5592837921432285e-02, -1.7344517338838392e-02,
       -3.1544936015170062e-02, 1.1985368339316928e-02,
       3.6963376656438784e-02, -3.8338687401572195e-02,
       -1.8445553114390719e-02, 4.0637787259561693e-02,
       -2.1798363295771152e-02, -1.4814433081396020e-02,
       -3.6168944097655781e-02, -3.3869532424715111e-02,
       1.8006152906683469e-02, 5.3290237452732460e-02,
       -2.9270705714036803e-02, -1.3113793876056481e-02,
       -3.4188588567019337e-03, -2.9019615819167736e-02,
       -2.2356410456749538e-02, 2.5423521467557823e-02,
       7.0191568337365211e-03, -2.8132167350866542e-03,
       2.8738828292687979e-02, -6.2309693396403942e-03,
       -3.3005517083213080e-02, -2.0271618274460251e-02,
       4.1994890835019616e-02, 4.6446876396175715e-02,
       4.0850253011248401e-02, -2.2533667807365300e-02,
       4.3146497889623894e-02, 4.4773006212303755e-02,
       3.9921805963598039e-02, -3.0005653919915717e-02,
       -9.6862114719214586e-03, -1.5545724650941620e-02,
       2.0247547669096998e-02, -1.6695909864147557e-02,
       -2.5838644490110068e-02, -3.2775416947953107e-02,
       -1.6993059181826611e-02, 7.5355875125421752e-03,
       -2.0651446354726627e-02, 4.2569664021796932e-02,
       -2.1549623595646002e-02, -2.9894992302545321e-02,
       2.7013526296776627e-02, 3.8889518469721947e-02,
       -1.1355694786977909e-02, 6.9704360946848912e-02,
       -3.1421980713811144e-02, -3.3788299528780819e-02,
       -6.6241391515268425e-03, 1.1978395495693673e-02,
       4.2685015608203234e-03, 2.4863934269441662e-03,
       -3.1082572996448406e-02, -2.4521769898081736e-02,
       1.0632413625701408e-02, 6.2255942939284971e-02,
       6.4430357256258473e-03, -1.7918194687959046e-02,
       -3.1201142474208434e-02, -1.0820954094911687e-02,
       4.8274265240810396e-02, -6.5212005290325222e-03,
       5.8617756996195763e-03, -2.1077804979656766e-03,
       -9.7600028626837407e-03, -3.1799499878255637e-02,
       -3.0026381037687812e-02, -2.4438688838943120e-02,
       -1.9903160376384788e-02, -2.4106194482834659e-02,
       -2.9379537718712427e-02, -3.8116990293655874e-02,
       -3.5693784017804132e-02, -2.0539429596477858e-02,
       -3.5031585803825468e-02, 6.7569337777309210e-03,
       4.7253252602502099e-02, 1.8825480768117644e-02,
       4.3018871362894506e-02, -3.6099010662572072e-03,
       -1.9083779456985996e-02, 1.7533579917909301e-02,
       2.5361513063800491e-02, -2.3186523607559182e-03,
       1.6585670576098272e-03, -5.9142933004341144e-03,
       -5.8689013503413377e-03, -1.7310400729357973e-02,
       -1.6543744327761688e-02, -2.9540211161879073e-02,
       -1.8817080162458314e-02, 2.6052614535675419e-02,
       -6.2160040426158022e-03, -1.6739538689295397e-02,
       -1.1075120787069093e-02, -2.2122636033052659e-02,
       -1.9861403872811118e-02, -1.2657969079575709e-02,
       4.8374851067687725e-03, -4.0153348269311509e-03,
       -5.7970863916726465e-03, -1.9702887366128415e-02,
       -7.9305696691648730e-04, -8.4025334638570589e-03,
       -2.0664172883844367e-02, -2.1402007671642867e-02,
       -2.3600334155424108e-02, -2.5701376451745854e-02,
       -2.6811053951363011e-02, -2.1760565676397663e-02,
       -2.5372873675502523e-02, -8.9650389824236110e-03,
       9.7527246473804244e-03, -1.3498179382879328e-02,
       -9.5715049771374992e-03, -1.4610495882808364e-02,
       -2.0977282770626236e-02, -1.3464348713450338e-02,
       2.9680374103563941e-02, -2.6936319627117518e-02,
       -2.0932222146344062e-02, 4.1258827631849924e-02,
       6.6131108833306015e-02, -1.3263242398491012e-02,
       -1.2678495969548995e-02, -1.5978194334630082e-02,
       2.5611109975375780e-02, 5.4546322902681861e-02,
       4.0556554755926358e-02, -1.5425589340270935e-02,
       -4.2354056006011151e-03, -1.1840785151917563e-02,
       3.0652304831186573e-02, 5.5801142709141369e-02,
       4.3640173230927179e-03, -1.1442698169795259e-02,
       -4.0176642991812637e-03, -1.6228157808901043e-02,
       2.0253071761471380e-02, 1.6377489237155728e-02,
       -1.4014877551369433e-02, -1.8905304455543621e-02,
       -1.3323330093409981e-02, -2.3697575386276593e-02,
       -2.3523159654067215e-02, -1.3256090047230048e-02,
       -1.2176233383583111e-02, -1.9825606872470942e-02,
       -6.3850970828440252e-03, -9.2610901601208172e-03,
       -1.5265180018559268e-02, -7.5154727120167429e-03,
       5.0649155948255378e-02, 7.9738118050947937e-03,
       2.6073318943508169e-02, -2.3354560221164826e-02,
       -1.7752896641480977e-02, -8.4342707504883284e-03,
       6.1141085972486998e-02, 2.6252642073492677e-02,
       1.3058273972150446e-02, -2.4428220088396055e-02,
       -8.4452725739940487e-03, 9.5218315931411297e-03,
       -3.1977784534326759e-02, -2.0511742320832332e-02,
       -2.0330441899524598e-02, -1.6420874726363523e-03,
       -1.4310358279443144e-02, 5.1497362044756217e-02,
       3.2865129731737656e-03, -1.3198781389706187e-02,
       6.7432739417348630e-03, -2.5137984748977625e-02,
       4.3169433291367500e-02, 1.8854030882743816e-02,
       -2.2775261321938994e-02, -1.4385197810986005e-02,
       -1.8039903194558074e-03, -2.2182543312216852e-02,
       -1.0527698251389075e-02, -6.0183392598070484e-03,
       -2.3836170488704490e-02, -2.5461073239239105e-02,
       -1.9386751706935466e-02, -1.9891086794117926e-02,
       -1.0798481999974610e-02, 4.0347137883220644e-03,
       4.2054335821267275e-02, -1.6613392187424483e-02,
       7.3399735699416074e-02, -1.3967775977138554e-02,
       -2.2694315897354128e-02, -2.5360500818510628e-02,
       1.8873944288220656e-02, 2.4953308474545705e-03,
       7.5408610355957043e-02, 2.2865493725857068e-03,
       3.7625328604348370e-02, 7.2841869618370178e-02,
       1.3151841777064589e-02, 1.4011077818246884e-02,
       -1.1931578902183711e-02, -1.7468142038986254e-02,
       3.5332543660135740e-03, 1.5686215824411841e-02,
       -2.0152351023357308e-02, -2.5652394989384000e-02,
       2.4841874253300596e-02, -2.2681143016607539e-02,
       5.9255553855901470e-02, 5.3497891706941539e-02,
       -3.6187903022346160e-03, -2.2098506479520427e-02,
       -8.8996038468117031e-03, 1.1881308237975449e-03,
       6.5702163817433637e-03, 4.7884235909016845e-02,
       8.8304685823617068e-04, -1.6665673979588937e-02,
       -1.5387071641937661e-02, 1.1130773539518347e-02,
       2.2176555045549749e-02, 4.0560174859504442e-03,
       1.3928810497759370e-02, -2.2556933363425201e-02,
       -1.9608998967176824e-02, -3.3527166931490340e-02,
       7.3815995724614850e-02, 1.0091556518682968e-02,
       4.7005369152490119e-03, -2.0489384859322543e-02,
       6.5768043592423567e-02, 7.2318111447538793e-03,
       1.3556392704405345e-02, -3.4631491106776269e-02,
       -1.5478341326049134e-02, 1.9584897242666995e-03,
       5.7039887225736200e-03, -3.8754255770951382e-03,
       -3.6217999413020469e-03, -2.9900822378941937e-03,
       -1.4102424325042525e-02, 7.5919309068818788e-04,
       2.6139835643081737e-02, 2.0010308432080365e-02,
       6.5957759551099296e-02, -4.6709606720422535e-03,
       6.1727852655699807e-02, 1.3863512669576267e-02,
       -1.4148946973383834e-02, 1.4525100247987879e-02,
       -6.8414662496097981e-03, 9.3410336680814846e-03,
       -1.3181173575177996e-02, 1.1693310163579983e-02,
       -3.1836813839080894e-02, 1.8498427000269581e-02,
       3.8093482943139703e-02, 1.5094676867694135e-03,
       1.9669459965189227e-02, -1.4628740218612098e-02,
       -3.3019188782819030e-02, -3.4612619593228908e-02,
       6.0670869572000047e-02, -2.9663333654332096e-03,
       1.6469323727968076e-04, -3.3958861593226504e-03,
