%YAML:1.0
bias: 1.6186428335894734e+00
beta1: -1.0100058943364960e-01
beta2: 2.5575170540689762e+00
width: 6
height: 6
orientation: 31
data: !!opencv-matrix
   rows: 1116
   cols: 1
   dt: d
   data: [ 3.7532210812073787e-02, 3.8119146789961096e-02,
       1.4572367593322224e-02, 7.7828902204205505e-03,
       -1.6526341612447835e-02, 3.6772007838670365e-02,
       -1.3735200478289017e-02, -1.0798950367075410e-02,
       -3.3967381614591882e-02, 1.0566236328851267e-02,
       3.5252737015502148e-03, -6.6073242661888205e-03,
       -1.4698179789336735e-02, -3.5513946706357595e-02,
       -3.0858391146401761e-02, -3.6886876365895924e-02,
       -3.8891192263714860e-02, -1.6979898906171707e-02,
       -2.0016354117834409e-02, 1.2186878758727534e-02,
       -1.1494336976182467e-02, -3.6282190377074953e-02,
       -3.8337816170296621e-02, -1.4807039945808734e-02,
       -3.2093899634751344e-02, 5.3807932844624450e-02,
       2.6602914272057122e-02, -2.1210168870369618e-02,
       -3.6802168013256933e-03, -1.3965487634733556e-02,
       -9.3543357287861756e-03, -3.5178286869475807e-02,
       -2.4290388914913270e-02, -1.4544668917653252e-02,
       2.0379795874810924e-02, 2.4935537584325901e-02,
       4.6063223076612619e-02, -1.4505729343721425e-02,
       5.1828843870870799e-03, 3.4290977744549776e-02,
       5.7593329111498219e-02, 1.7286687477691985e-02,
       -5.3887798958270824e-03, 6.6542869981232244e-03,
       -5.1697411557577195e-03, 7.5902819615229780e-02,
       2.6722477891769257e-02, -2.4825438758533446e-02,
       -1.2772157806912439e-02, -2.0096283893611951e-02,
       -2.7774327459510747e-02, -2.0730042442371761e-02,
       3.2459889482192609e-03, -2.9126216806686436e-02,
       -2.6960726003800853e-02, 2.5291639382091762e-02,
       -2.3263045018356493e-02, -2.7980605099757104e-02,
       -1.0111774038323289e-02, -1.2596732935101209e-02,
       -2.5170618635311372e-02, 7.4130080587587993e-02,
       -1.3358378193708786e-02, -2.8760118072518895e-02,
       -7.5124883072785597e-03, -1.0328173505319000e-02,
       1.0958399678116104e-02, -1.1030244211280651e-02,
       -1.5450413840793951e-02, -2.5915033925338126e-02,
       8.1013075571331819e-03, 2.3144227133841885e-02,
       -2.4210908151312448e-02, -2.8589970326174871e-02,
       6.6350033162018715e-03, 3.3130653001842987e-02,
       6.4222414819805507e-02, -3.0663264626034494e-02,
       -1.7335565745609172e-02, -6.9595235129230049e-03,
       3.8125081894694766e-04, 3.3847397946480872e-03,
       4.9323721259193721e-03, -3.3442889675208198e-02,
       -2.2497770072479207e-02, -2.3065175095735069e-02,
       -2.4928827643090987e-02, -9.9080976003871144e-03,
       -1.0578931548834271e-02, -3.0584733606930627e-02,
       1.8072574955521763e-02, -2.2267142069752922e-02,
       -8.3461085856939201e-03, -7.1916507820917654e-03,
       -1.4173064801116972e-02, -1.1591193285700378e-02,
       1.2426726930230829e-02, 4.3897964635839452e-03,
       -1.5275586119533972e-02, -1.1212477833083968e-02,
       -2.5361327878428389e-02, -2.4841908163298461e-02,
       -6.1911379634871297e-03, -2.2729899014961422e-02,
       -1.0161682696342603e-02, -2.3697946900802834e-03,
       -1.0280281854101994e-02, -3.8093093190826932e-02,
       -1.5690231610172266e-02, -6.0096464668526551e-03,
       7.5740827091598434e-02, 1.5060432062890840e-02,
       7.4589647530289627e-02, -4.0992795292220600e-02,
       -1.0867496278331104e-02, -1.5857205992624083e-02,
       9.7408621900140358e-04, 1.2586164106517259e-02,
       3.3021192221452729e-02, -1.9352361385232091e-02,
       -2.7839750668183911e-02, -2.4634697653742571e-02,
       -2.2255684582849662e-02, -6.6229301708150157e-03,
       -1.7731263604171727e-02, -1.1728424962732523e-02,
       -2.8150502049088467e-02, -4.0273335459993460e-02,
       -2.9988672982641455e-02, -2.2761255921524053e-02,
       -1.2799472082203233e-02, 2.6952532215441865e-03,
       3.2778174799207973e-03, -1.9505969867327055e-02,
       -2.7780806705691628e-02, -2.6284724781001377e-02,
       -1.5995212693158019e-02, -1.2414328094890731e-02,
       -3.4287943050737062e-02, -2.5497099343604675e-02,
       1.9849289691626908e-02, 1.1323179061609897e-02,
       -8.8682138618413828e-03, 9.1874202108560912e-03,
       -2.7724670339143526e-02, -2.5279723906942844e-02,
       -1.6476078780442993e-02, -9.1010456054838595e-03,
       5.5247831692313582e-03, -8.4792541059937367e-03,
       -1.9541366995851038e-02, -5.0042232888184964e-03,
       3.4619348460899813e-02, -2.6348351951942614e-02,
       -2.9308802150016976e-02, -1.8342818440148095e-02,
       -1.2791769772480290e-02, -1.9148071052034879e-02,
       -2.1066490266351469e-02, -5.4304856836848662e-03,
       -1.1070064576440154e-02, -1.6084348996025441e-02,
       1.1772985357310275e-02, 1.2665940973536618e-02,
       3.4094607434483629e-02, -6.3801812966205098e-03,
       -1.8958584761826523e-02, -2.4234928997866528e-02,
       -3.8813718781326827e-02, -3.1970366147261063e-03,
       -1.7889870768551371e-02, 7.0211234619902002e-02,
       -1.4162385458913389e-02, 3.0975581105951500e-03,
       -1.5012908305184286e-02, 5.5001924632002023e-03,
       7.2758563071580629e-02, 2.2053068344656248e-03,
       -3.8739844949561189e-02, 6.7402510420443540e-02,
       -2.3642481845619717e-02, -5.3224387480934367e-03,
       1.7698427948800239e-02, -2.6900665694529778e-02,
       -2.1874972327179637e-02, -1.6567140640672082e-02,
       -2.2914012650242441e-02, 1.1755815504037849e-02,
       8.0766160719689811e-02, -7.4772751385540730e-03,
       2.7464786110730846e-03, -1.6869514543080407e-03,
       1.3322801066916549e-02, -6.1210505529508807e-03,
       -2.0511734374627191e-02, 1.6271178714222071e-02,
       -9.3434796255159672e-03, 3.7961268749930166e-02,
       2.1309278110401776e-03, -3.4088982893231770e-03,
       6.3377553615353317e-03, -4.3574208432301899e-02,
       -2.2411015543027199e-02, 3.3698506933338514e-02,
       -2.2847704897250083e-02, -2.1899179947737655e-03,
       -2.1070435020862931e-02, -3.1999380770203589e-02,
       -4.3109958539217015e-02, 6.5183558689329166e-02,
       -1.9200076156372509e-02, 3.5108828690044933e-02,
       5.2299854636903863e-02, 3.9915441580182870e-02,
       -4.0747167834714638e-03, 7.5170004308095423e-02,
       -3.2099887099907853e-02, -2.0219802492860307e-02,
       1.1446587404489575e-02, 2.7675162482901750e-02,
       1.5726821267233775e-02, -1.0265019779497243e-02,
       -6.8758748432530548e-03, 1.2684500387633756e-02,
       9.0693563369398742e-03, -1.1882054445553673e-02,
       4.9332591463688716e-03, 5.8445019075615244e-04,
       6.8227431508409694e-02, -6.0547696048305118e-03,
       -1.2495280934873159e-02, 4.6165846634393028e-02,
       -1.6960508957726508e-02, 6.4847992937515416e-03,
       4.0860458673397958e-02, -3.2851079608909428e-02,
       -6.2270727131526760e-03, 4.1790249793434806e-02,
       -1.4473489683722734e-02, 4.6393987939090039e-02,
       8.3837341761897680e-03, -2.0728866678995803e-02,
       -2.2507252273817561e-02, -1.0938952115629466e-02,
       -1.0324272099973048e-02, 6.1167400195035325e-02,
       5.9060672988616629e-03, 1.2297144145858415e-02,
       7.9518202497423501e-03, -1.1902981460159362e-02,
       -4.2679461609986265e-02, 2.9587454819366810e-02,
       -9.4522599811761396e-03, 8.8826708423594414e-03,
       -4.6580358573853606e-02, -1.3788132569841604e-02,
       -2.1280218518576394e-02, -1.7126974686484601e-02,
       -1.4232146122791254e-02, 2.9925811343815688e-02,
       -3.6157774699439545e-02, -2.8700742611282529e-02,
       3.0772165778893603e-02, 3.3045727774256364e-03,
       8.8273568859869138e-03, -1.4185332993216986e-02,
       1.7734132798511836e-02, 3.7340022855501316e-02,
       3.3872179005927355e-03, 1.8759004873069557e-02,
       7.8895380163073597e-05, -3.6051472683496934e-02,
       3.2041941975665116e-02, 6.0566733275633527e-02,
       -1.7351225829074578e-02, 4.0412013714493128e-02,
