%YAML:1.0
bias: 1.5967466606802843e+00
beta1: 1.3852027030862233e+00
beta2: 4.9241029809472368e+00
width: 6
height: 6
orientation: 31
data: !!opencv-matrix
   rows: 1116
   cols: 1
   dt: d
   data: [ 2.4963093560784171e-02, -5.0243224469808320e-03,
       -1.9105423378637281e-02, -3.2859660906936261e-02,
       -6.9445886052179190e-03, -4.8675158079118904e-03,
       4.5667962383964134e-03, -8.4907145670529705e-03,
       1.0042682461066536e-02, -3.0133865477841762e-02,
       -2.8630830283022671e-02, -1.7068106210348211e-02,
       -1.3999207126363272e-02, -5.7375670150457986e-03,
       1.2541746461424936e-02, -1.8621204142482937e-02,
       -3.4885330976560727e-02, -3.3468466678788639e-02,
       -2.0517370188656674e-02, -1.6604783533432865e-02,
       3.6232731823915322e-03, 3.5365217836453014e-03,
       -2.5144209373665218e-02, -3.1780763076111662e-02,
       -2.7997169677872313e-02, 2.0369335269778764e-02,
       1.8217974680337805e-02, -3.9350348216630341e-03,
       4.6811924616893862e-03, -2.3451663497303005e-02,
       8.4992897854628737e-03, 2.4619385050943330e-02,
       -4.4167291549064673e-02, -6.3404275156667932e-03,
       3.4738349053136081e-02, -1.5731251117892279e-03,
       1.4091592243628678e-03, -2.7896147520088302e-02,
       -2.0062779514477075e-02, -3.8162657548516998e-02,
       -1.4890541406585214e-02, 1.2164756038301233e-02,
       -7.5231439090429021e-03, 7.3839138041772029e-02,
       -7.6160100680393739e-04, -2.7178104185969172e-02,
       -2.6613534572714877e-02, -2.8030719061510802e-03,
       -2.3834387313328431e-02, 7.0360293323328243e-02,
       -5.2799368928120281e-03, -2.7055630540777267e-02,
       -3.2083185053401547e-02, -4.2605641578398051e-02,
       -2.1913425738196338e-02, -2.2376048420343291e-02,
       -7.6278641400168625e-03, -6.1275255482103061e-03,
       -2.7077929344783813e-02, -2.6182233314449754e-02,
       -1.0840966105186227e-02, 3.1858846648570513e-02,
       -1.0292441257157621e-02, 1.5223876259813462e-03,
       -2.1984580096952894e-02, 9.3104444970528166e-03,
       -3.0410010799119397e-04, 2.7580773018160473e-02,
       -2.7449499594347331e-02, -1.8459107948014773e-03,
       8.0392489917021082e-03, 1.4056964053544334e-02,
       -3.0149278809824653e-02, -2.3736555259042502e-02,
       -2.3029332580067324e-02, -1.1927073583687305e-02,
       -1.3143976396237230e-02, -2.9727021140969492e-02,
       -1.9528754767986302e-02, 9.4318379954160605e-03,
       5.1837092716168444e-03, -1.6340629052370340e-02,
       3.0531856599707932e-02, 1.1124799660658005e-02,
       -1.8933916311846946e-02, 5.6141110112915603e-03,
       -9.4085252359505170e-03, -2.9318472744095506e-02,
       -2.0695678698097658e-02, -2.4970278166116227e-02,
       -3.1741846532817239e-02, -1.0698744303627704e-02,
       -3.4835864252379962e-03, -1.8937841920548690e-02,
       8.1345472200707210e-03, -4.1134291115045530e-03,
       -2.1421604697178496e-02, 5.3624390434268997e-02,
       2.7676547804101299e-02, 3.2811285692460550e-02,
       -1.3939024920097340e-02, -5.2345722714476082e-03,
       -9.0986417862700727e-03, 3.8183215768865804e-02,
       5.4167520705409623e-02, -8.0212595272790323e-03,
       1.2503160175293303e-02, -1.4537522678541030e-03,
       -2.8621052572759674e-02, -2.4688629482383033e-02,
       -2.5770527619846544e-02, 2.4817143888506369e-03,
       -1.7222426630338721e-02, 4.2856838075428427e-03,
       -1.6379329935551280e-02, 2.0439881518920157e-02,
       3.6400251992297294e-02, -8.9329896367386884e-03,
       3.3475350126954843e-02, 2.9748611128947618e-02,
       -1.2246995734530851e-02, 5.0120913654817988e-02,
       -2.5076388067188135e-02, -1.6437530646747019e-02,
       -3.5806810199789782e-03, -3.1386586680523632e-02,
       -3.8999875045386559e-02, -2.3988630235090375e-02,
       5.7867578323615070e-03, -4.1357879024613211e-03,
       -2.7998228579775273e-02, -1.7386154227055996e-02,
       -2.2214924237530895e-02, 1.4427537494709201e-02,
       2.2410348507210957e-02, 4.8490785800014431e-02,
       -3.5804335036234064e-02, -4.9947075281332404e-03,
       1.7912443324533422e-03, -3.2433966865279024e-02,
       5.2839793057263516e-03, 1.6809976074121106e-02,
       -1.2132833952434299e-02, -2.1911433309767633e-02,
       -3.4995367803842957e-02, -2.7805527998815867e-02,
       2.2722783171027883e-02, -2.8960237498671382e-03,
       -2.0490884285117111e-02, 3.8491603146486635e-02,
       -1.9360953909534614e-02, 4.8391135717463221e-03,
       5.8642947303792110e-02, -7.4873560125534233e-03,
       4.7314048278476843e-02, 2.4241113012423047e-02,
       -1.6849062159193323e-02, -1.7830171329673884e-02,
       -3.4783292946520827e-02, 1.5033712740890579e-02,
       1.4161986050122363e-02, 2.1293430103841271e-02,
       -4.5387755395007653e-02, -3.2884517353455850e-02,
       -6.7696751644723890e-03, -1.5757320614328933e-02,
       1.5413747825456752e-02, 5.3845485193447479e-02,
       -4.0081122183459841e-02, -3.4069047247563607e-02,
       -2.8938273930346073e-03, -2.4740727605653150e-02,
       3.2852340098008057e-03, 3.0036034124887610e-02,
       -1.4867983282677823e-02, -1.2035993490983853e-02,
       8.5412330166632598e-03, -1.5317851590062510e-02,
       -3.0522290318792996e-02, -1.3066042740290154e-02,
       -4.1129452786157948e-02, -4.0841767359396021e-02,
       -4.5511742139735852e-03, 7.5531699869947622e-03,
       -8.0835104188500175e-03, -2.9477679615295072e-02,
       -1.7103223353510371e-02, -1.6960565157851694e-02,
       -9.5632256659731636e-03, -2.1857567656969737e-02,
       -9.6614858486853503e-03, -1.3973116010531309e-03,
       -2.6770750368442828e-02, 2.9112393087950888e-03,
       -3.3770840212848721e-02, -1.5197245368680928e-02,
       6.2368701354759935e-03, 4.1073628453534565e-02,
       -2.1688571006547967e-02, 4.0064711516534330e-03,
       1.0673580420326394e-02, -1.1844905334515829e-02,
       -1.3828020664300509e-02, 1.5965750811814929e-02,
       -1.9138905454633901e-02, -2.2497246682464358e-02,
       -9.6668734252099223e-03, 1.4241794187703008e-03,
       -1.2879795031564462e-02, 4.6107849509143990e-03,
       -1.5235885709665170e-02, -1.4104149397046243e-02,
       3.2913601550961964e-02, 2.0056572422521089e-02,
       -2.0853374020028209e-02, -8.5429087413676913e-03,
       -2.1710666898059547e-02, 7.0385441722528985e-03,
       -6.3940823844118319e-03, -7.6245563902460423e-03,
       2.3047876599722769e-03, 9.4968463638648304e-03,
       -2.5735971342841543e-02, -2.7293219535285507e-02,
       -7.8508302440428984e-03, 1.7472121945860647e-02,
       -1.2275287883807637e-02, 2.0565810732663538e-02,
       -4.1541310260912900e-02, -3.2124743187698174e-02,
       -2.5664037986280322e-02, 2.0476106104772369e-02,
       4.6216036146875770e-02, 6.1581111518585127e-02,
       -3.6185848009880665e-02, 1.3088951302914487e-02,
       6.1152100571446218e-04, -2.2014520319612686e-02,
       7.3926258717408547e-03, 8.1942205008874690e-03,
       2.1770835153605450e-02, -2.9176721614302049e-02,
       -2.4526694131193565e-02, -1.2871071386336004e-02,
       -3.3079590406683221e-03, -9.9158723128290258e-03,
       1.7211703498039115e-02, -3.2695682388059734e-02,
       -2.3897006624979253e-03, 1.4624969133429774e-02,
       -3.6572359929791222e-02, -1.6653622344758950e-02,
       -3.8401122434022404e-02, 4.8188414729678421e-02,
       4.7517461492588078e-02, 2.0189054404099779e-02,
       5.6803006815108491e-02, -1.8302444823972922e-02,
       -2.8518215129258583e-02, 8.6352206372808452e-03,
       2.6886198753613397e-02, 3.5296915116776399e-02,
       -2.5622581289941417e-02, -1.3182512225559969e-02,
       -7.3681969305511418e-03, -1.3252405298700034e-02,
       -3.3215368185788408e-02, 6.9457622045256736e-03,
       4.2513496766011204e-02, 5.5215752537691856e-02,
       -1.1765779224679015e-02, 1.1565898676934055e-02,
       3.0261391856988416e-02, 1.2999315547261674e-02,
       5.3481133438363755e-02, 2.0985099962916639e-02,
