%YAML:1.0
bias: 1.5190052060586692e+00
beta1: -1.3182877266640947e+00
beta2: 1.5885128626414473e+00
width: 6
height: 6
orientation: 31
data: !!opencv-matrix
   rows: 1116
   cols: 1
   dt: d
   data: [ -8.5811042042117946e-04, 7.1064766578279818e-03,
       -1.2433649770970780e-02, 1.7930890368056032e-02,
       4.5592013661961292e-02, -2.6780320541161376e-02,
       1.2198428275614476e-02, -4.8634372910042259e-04,
       -1.8295950681081231e-02, -2.2525572580236221e-02,
       -2.7628726689083682e-02, -2.8431528188793721e-02,
       -2.7224793494245138e-02, -1.8121620248416587e-02,
       -2.0507658037505809e-02, -2.1543423164259463e-02,
       5.8260359115670044e-03, -1.2697600379048688e-02,
       -2.1593471705197209e-02, -2.9198340640353961e-02,
       -1.8489257135655763e-02, 2.6974431757512021e-04,
       -6.0619765038635084e-03, -1.9160901553503043e-02,
       -2.1085931323295793e-03, -3.5144368681112856e-02,
       3.4920709454684208e-02, 3.3195803411632530e-02,
       9.7973699893638619e-03, -2.5856278175376987e-02,
       3.4356733088170409e-02, 3.0881326437055791e-02,
       3.1213329809931595e-02, 2.4594458772350107e-02,
       5.7415673603270802e-04, 4.2010280340253246e-02,
       -1.4916537041930782e-02, -3.9937237654300529e-03,
       -4.0657875485597354e-03, 5.2921566851510974e-03,
       -1.6013302304520118e-02, -2.6931818101890565e-02,
       6.9003735940940364e-02, -2.8711809571203374e-02,
       -1.9550899016315317e-02, -1.9530038160259628e-02,
       -2.5864428504497942e-02, -3.9507311071476717e-03,
       2.7479395762241236e-02, -3.3250701938714863e-02,
       -2.8175933948112481e-02, -1.4246901502078238e-02,
       8.4985414368247466e-03, -3.5057588255104936e-03,
       -2.4213572263884924e-02, -2.1943999570534764e-02,
       -2.0790800132808276e-02, -2.3656442036566652e-02,
       -5.9329531528164742e-03, -2.0808302522923795e-02,
       -2.7485985445876833e-02, 5.7567460137121287e-03,
       2.6500299985526828e-02, -1.6876346635075451e-02,
       -1.7878183619820714e-02, -3.0988789295839113e-02,
       1.6401078210774408e-02, 3.9875875030771016e-02,
       4.1689762664758039e-02, 9.9615445104166093e-03,
       -5.2471282233470196e-02, 3.5214896756883628e-02,
       -1.9364456513891716e-02, -6.9439638179767497e-03,
       1.3436151874757874e-02, -3.7331113406859680e-04,
       -1.4130313421490952e-02, -2.1283193696110262e-02,
       7.6185712507944384e-02, -2.1276221819561767e-02,
       -6.2264551468393207e-03, -1.5157417531361541e-02,
       -2.1349349415949390e-02, 7.6792048661464161e-03,
       2.6231308946793239e-02, -3.1674633315928007e-02,
       -1.5113831249397785e-02, -9.6169807226877124e-03,
       5.7049852716832463e-04, -1.6561818267817066e-02,
       -1.1620347867329458e-02, -2.5004092298251519e-02,
       -9.1842157122810561e-03, -1.6312554840974627e-02,
       -1.6726348708907910e-02, -3.1535396893231149e-02,
       -2.9796834103703674e-03, -1.3495501899449671e-02,
       4.9446188157101180e-04, -4.0909843947908101e-03,
       3.2726526268315494e-02, -2.3841254221607551e-02,
       -1.5534586377088098e-02, 5.3124552345399333e-02,
       2.6195470555537486e-02, -3.4136691762342852e-02,
       -2.2540587190496369e-02, -4.5291939232087533e-03,
       -1.1974514877814006e-02, -8.4255243526134872e-03,
       1.5660121084927481e-03, -2.3876217763025998e-03,
       1.5516709319123533e-02, 2.5284439094710821e-02,
       -2.2908746307302035e-02, 3.9107635793566332e-03,
       1.0504271628421413e-03, -5.9830593321722070e-03,
       -2.3697105415728118e-02, 4.2826673351841933e-02,
       -7.4130007360483658e-03, -4.8177411759102824e-03,
       -1.0815232228786491e-02, 1.8261803263487815e-03,
       7.2723078975421036e-03, -1.3116044056630978e-03,
       1.6925748637471767e-02, -1.5374040788762913e-02,
       -1.5612169577282023e-02, 2.2296797089167087e-02,
       2.4642380338368831e-02, -3.4841230521625642e-03,
       -3.1491966074019212e-03, 8.0873654214389037e-03,
       -9.3967806214189740e-03, -2.6945497586037745e-04,
       -2.0936523033390463e-02, 1.0560888190415283e-03,
       -1.0570431622329086e-02, 9.1253949747726847e-03,
       -4.2013460239732660e-03, -8.9312314176947169e-03,
       -1.6437859943819050e-02, 8.0875822248715722e-03,
       -2.6034080102629045e-02, -2.6606751082540920e-02,
       -1.0886007997948418e-02, 7.9478101329211598e-03,
       -2.1412156442167539e-03, -1.0336470254239966e-03,
       -1.9553963017026575e-02, 5.5572575459893678e-02,
       4.4266196621421464e-02, 6.3937495058735165e-03,
       -3.4809008378207287e-02, 3.9731258462931095e-03,
       -1.6289150511413289e-02, 6.3808643216520050e-02,
       1.5550874967496514e-02, -6.1176793453327528e-03,
       1.5868326318102543e-02, 4.8807514301296991e-02,
       1.6572333314091543e-02, -2.7929145553419379e-02,
       -1.8482702662758664e-02, 2.1669047351977812e-02,
       1.9126598921389810e-02, 5.0375499177066234e-02,
       -3.9296105376935616e-03, -1.0855920103240331e-02,
       -1.8304783996574165e-03, 7.2580596087808341e-02,
       2.5597246107555666e-02, 6.4895360401880806e-02,
       -1.6856531300844198e-02, -3.8250313956594622e-03,
       -1.2103862946701552e-02, -3.7980922820682363e-03,
       -1.2196157108284474e-02, 1.4208226653245810e-03,
       -1.9175264524558609e-02, -5.6935053477637897e-03,
       -1.1587521132189903e-02, 1.2519085809214257e-02,
       1.4078281187974908e-03, 1.6074880954931453e-02,
       -2.2831782449130006e-02, 2.2623301199960224e-02,
       1.7378942412741166e-02, -1.5428906738185626e-02,
       -1.7702201152791353e-02, 3.5916405774574493e-02,
       -1.9072013562529772e-02, 1.6628078966745223e-02,
       -1.3859558366457799e-02, -7.7533348887100393e-03,
       -8.2009745848831174e-03, 4.5091297390458557e-02,
       1.8192479696608407e-02, -1.4671828405641065e-02,
       -1.5183179647685684e-02, 4.0254824125295257e-03,
       -7.1599511022486864e-03, 5.5540867981021196e-02,
       -3.7302415811303700e-03, -1.5865819470345301e-02,
       -1.8440797774608948e-02, 1.9580509537358508e-02,
       1.4967093626114175e-02, 6.8453357282953445e-02,
       -1.8625036170119704e-02, -4.7965595012625338e-03,
       -1.2495954710698125e-02, -1.1131547572861196e-02,
       -3.9286183142436346e-03, -1.5514783397534124e-02,
       -9.2940895060300253e-03, 1.2015321616848195e-02,
       -2.5399609848986700e-03, -8.0902738080988086e-03,
       -7.6691847568359701e-04, 2.3233539085652732e-02,
       -2.0094637977582215e-02, 5.2434784677565648e-02,
       1.3434233985694858e-02, -2.0421882332220361e-02,
       5.0197277966055394e-02, 6.4045254984702385e-02,
       -2.2153483558098548e-02, 3.1185591971305025e-02,
       -1.3587604720769194e-02, -2.4543640146359427e-02,
       1.1874152281926842e-02, 6.3455388647399150e-02,
       -1.8401627817308527e-02, 6.0458323846017013e-03,
       -2.1899423313195701e-03, -1.7461906037933482e-02,
       -2.2044996306509548e-02, -1.1487721569970804e-02,
       -1.7912664552002199e-02, -5.5404904590629833e-03,
       -1.4614232977740133e-02, -1.8362872832996584e-02,
       3.0745299054368820e-03, 4.7612294589085093e-02,
       -1.4354478915095267e-02, 5.3637599868486836e-03,
       8.8817425593878431e-04, -9.0962909716378205e-03,
       2.5472015777818751e-03, 2.0870529069725863e-02,
       2.2137819893180990e-03, 3.5890025843827549e-02,
       2.2005480793095163e-02, -1.6354067789440957e-02,
       -3.9649015818671246e-03, 7.2885923511768259e-04,
       -2.0612888396101647e-02, 1.6082060338013446e-02,
       -4.2957711132480328e-03, -1.2828290540728961e-02,
       2.8032844717433801e-02, 5.9084407519504195e-02,
       -2.0879667631585351e-02, -1.8641904713334101e-02,
       -2.1774561801101832e-02, 6.3388489235822673e-03,
       5.6195749513405974e-02, 2.2339783153982929e-02,
       4.6441442031076282e-03, -1.2086065837261604e-02,
       2.9061580651610665e-03, -6.3892210711704468e-03,
       -6.4334812934112159e-03, 5.9611696749842106e-03,
