%YAML:1.0
bias: 1.5531052264360612e+00
beta1: -1.8259808099988026e+00
beta2: 5.1341014225594694e-01
width: 6
height: 6
orientation: 31
data: !!opencv-matrix
   rows: 1116
   cols: 1
   dt: d
   data: [ -2.2573544844031554e-02, -1.3876984987465169e-02,
       -2.8738864212217916e-02, 2.9814951496469927e-02,
       2.8154708973361357e-02, 4.0433387105931015e-02,
       3.1669428898923539e-02, -1.9803408847934412e-02,
       -4.0536678078778150e-02, 3.6049713341977242e-02,
       1.8315646848241097e-02, -3.3981142709316410e-02,
       4.1017551090314429e-02, 1.7810976704019807e-02,
       -3.1801701205100799e-02, -2.6138247545169073e-02,
       -1.2946609835958574e-02, -1.8825092551286879e-02,
       2.7767418351166289e-02, -2.6207140802146735e-02,
       -3.9522087669795702e-02, -4.6591158918516369e-03,
       -1.8883304544203929e-02, -2.5304419112238095e-02,
       -2.9584733459667483e-02, -2.2349861423558770e-02,
       7.3977660074737279e-04, 2.4356899436811436e-02,
       -7.6857456208473058e-03, 1.0471233417661433e-02,
       3.1241451508343406e-02, 4.1270971714840156e-02,
       -2.7925792177394704e-02, 4.1366021827580056e-02,
       4.0621729845836015e-02, 3.2474539897795078e-02,
       -4.3448300775944509e-03, -1.1429132917060939e-02,
       2.3827661779344526e-02, -2.9901033857931993e-02,
       2.8778940635605606e-02, 1.9400595773061347e-02,
       -8.2644018800031053e-04, -1.2949277695993145e-02,
       -2.1078896190816376e-02, -2.8940827478154425e-02,
       -8.5589278656516762e-03, -3.3160000291834899e-02,
       -2.5398193897801135e-02, 2.0211237710554573e-02,
       3.1749470192240725e-02, -9.1292690973862872e-03,
       -2.9072934812418915e-02, -3.5176184291945481e-02,
       -2.6564154617692862e-02, -1.8896274769422235e-02,
       4.6935263392446601e-02, -1.0822298304467431e-02,
       4.3632621997968739e-02, 1.5520205248507706e-02,
       -8.9213882815321263e-03, -2.0800641949874445e-02,
       2.1108477101517229e-03, -1.6880910216498547e-02,
       2.0414460123557451e-02, 4.1179392411180057e-02,
       3.0950387940725729e-02, 3.7733302415879161e-02,
       -8.3374269832046342e-03, 1.9037407455094926e-02,
       4.9285270772703102e-02, 4.6968169687165794e-02,
       -2.8508763877988074e-02, -3.2785788157985087e-02,
       -2.5713072176168250e-02, 1.6399458698011370e-02,
       4.9838693288464159e-02, 4.9348534701517590e-03,
       -1.1963504143689361e-02, -1.9665539562132694e-02,
       -2.2787928864406375e-02, 1.8149719955305618e-02,
       2.0358759912787890e-04, -2.2391114021414041e-02,
       -8.5379729145072976e-03, -2.5707238162256958e-02,
       1.5449640635416340e-02, 1.0166580412909312e-02,
       1.4095710788210420e-02, -2.6725318755927777e-02,
       2.3649678212863755e-02, -4.7587865851207081e-03,
       6.2253436951742472e-02, -6.6227265250131846e-03,
       5.9510172100095356e-02, -7.5946625378609973e-03,
       -1.8269563006190277e-02, -2.9962704084382657e-02,
       -2.2079287659860267e-02, -5.5767381905839387e-03,
       -3.2774367159493112e-02, 1.0192496681129972e-02,
       -3.5421464407355240e-03, -2.2685456106680321e-03,
       -2.4753141254284620e-02, -2.8452795080949354e-02,
       -2.4042985135443354e-02, 8.3558202487005323e-03,
       8.2206782096779195e-03, 1.8185329889401844e-02,
       1.0212400351217496e-02, -2.0404726198109013e-02,
       -1.1675136860232506e-02, 2.0801124598304292e-02,
       -1.0077859151642844e-02, 5.7014620408095953e-03,
       -2.3258781712377094e-02, -1.0689510355948922e-02,
       -2.0287084496202021e-02, -2.2782397979636493e-02,
       -4.0296940729827018e-03, -1.6520285114485153e-03,
       7.3494671267592543e-03, -1.4639300505156784e-02,
       -2.9958226960240697e-02, -3.0601388984630905e-02,
       4.4715878551309658e-02, -1.3405710299756360e-02,
       1.7755400116163091e-02, -1.6413553270610552e-02,
       -1.9584042734241513e-03, 2.3259570016462592e-02,
       -1.1125441997585517e-02, -2.1886910117997406e-02,
       -1.3843159455164528e-02, -2.5361717337603375e-02,
       -9.3121514248001216e-03, -7.7862758798148864e-04,
       -1.1949726280351130e-02, -1.9384452709946501e-02,
       6.3528052719450129e-03, 7.3538754928460619e-03,
       -5.5263405073573534e-03, -1.5746522574420399e-02,
       1.5601035389241309e-02, -1.3246491966197878e-02,
       -1.1291969178610613e-02, -3.5297058454239472e-03,
       -4.4035818502046169e-04, -2.5732973692990272e-02,
       -8.6534752295258609e-03, 9.3500356844671353e-04,
       -3.0102147418161574e-02, -1.6758679931156286e-02,
       -1.8578815845276569e-02, -1.9512280627091330e-02,
       -2.1195984356458669e-02, -1.2777804414572757e-02,
       -2.1284188169693553e-02, -1.7024977531529716e-02,
       -1.6665794943062424e-02, -2.9688000346458760e-02,
       -5.4615507394102595e-03, 1.4887176129316851e-02,
       5.3282915675867100e-04, -1.7866724020435536e-02,
       -5.6202353760760621e-03, 9.2099474169991362e-03,
       2.3625261674246126e-02, -1.3099432865506131e-02,
       -2.6392691968763347e-02, -3.3276111639731605e-02,
       5.4065795526728661e-02, 2.3939853882525744e-02,
       1.0023467157564345e-04, -4.8288744109097875e-03,
       1.9832234202670690e-02, -1.3097973174895439e-02,
       1.0335270916277896e-02, 9.2690587732982711e-03,
       -8.6528588121698342e-04, -7.9089621783552822e-03,
       1.8276496952905411e-03, -1.3550539041202089e-02,
       -1.4170176731599602e-02, -1.5213151166534593e-02,
       3.9029797366107843e-02, 7.7780877211116300e-03,
       -2.7609910980430991e-02, -1.4842890029929242e-02,
       -5.3622574932751608e-03, -2.3834532597608940e-02,
       -8.3942239726092736e-03, -6.7504940371850251e-03,
       -7.0788606047046294e-03, -2.7712554384403294e-02,
       -2.9931689642246344e-02, -5.8369745573136639e-03,
       -9.9263473913046418e-03, -1.6420237172229124e-02,
       -8.9906570890681964e-03, -1.5944912044479183e-02,
       -2.0389478663083507e-02, 2.9054040195374310e-03,
       1.9125856085886898e-02, -1.9338338450122766e-02,
       -1.3099803929464974e-02, 1.7967080651010332e-04,
       7.3700196178527064e-02, 1.1926783445903416e-02,
       8.2669153310354782e-03, -1.3725905622240128e-02,
       4.2839020022375336e-02, -1.6747647010598485e-02,
       -1.1524788042134557e-02, -1.7492851944257162e-02,
       2.1347069121758738e-02, -1.3008785979264154e-02,
       4.0376477494285141e-02, 4.0910617531416480e-03,
       4.5436650924386979e-02, 1.8545425631727060e-02,
       4.3164417413242291e-02, 1.3703983892874770e-02,
       6.7436085878722421e-04, 6.2211425618955585e-03,
       -1.7971189832929153e-03, 1.0764546674984450e-02,
       -1.5159330197172137e-02, -2.1501049127553497e-02,
       -2.1746964953704255e-02, -2.4537588533575821e-02,
       -6.8553711517430043e-03, 4.2664212151151688e-02,
       -1.7598993015198801e-02, -2.8619045474369859e-02,
       -1.1548433016202415e-02, -2.4352181893572796e-02,
       -1.8926229479930101e-03, -5.1880481648553366e-03,
       -1.5671290678228991e-02, -2.3767900524798845e-02,
       -2.5756921080567707e-02, -2.4424050706399022e-02,
       -6.5578216378455664e-03, -2.0554365760329950e-02,
       1.4937004867978911e-02, -2.2102611921813335e-02,
       -2.8057062731733209e-02, -2.0941164655896488e-02,
       -1.3118666646010560e-02, -7.9908638121883660e-03,
       1.8489497941890590e-04, -1.1563936318182092e-03,
       1.8020629232580722e-02, 4.9917898089624727e-02,
       5.8310253018531488e-02, -2.5015976357553343e-02,
       3.2804943408935298e-02, 2.8630676747927297e-02,
       4.9304972303680451e-02, 7.1520612949042425e-02,
       4.5964773786225800e-02, 4.2376113249262382e-02,
       -1.4993823945672786e-02, -2.2067474386517981e-02,
       -7.4090718368280640e-03, 2.0318027036180762e-02,
       3.1339812399622823e-02, 5.2723964082036778e-02,
       -1.2070635549693405e-02, -2.4567419853903535e-02,
       -3.0473763565155663e-03, -2.1732022036699963e-02,
       -1.6296282945598452e-02, 1.0275221330366171e-02,
