%YAML:1.0
bias: 1.6547878599515542e+00
beta1: 2.3497365294775596e+00
beta2: 5.2504715160578987e+00
width: 6
height: 6
orientation: 31
data: !!opencv-matrix
   rows: 1116
   cols: 1
   dt: d
   data: [ 5.3359063522449790e-02, -2.5302309984359022e-03,
       2.4044623290767619e-02, 1.8407048279470276e-02,
       2.6797800428763941e-02, -2.0542244675375619e-03,
       9.9090909279582647e-03, -1.8563581413342790e-02,
       -2.9521822637475215e-02, -2.3617934130942528e-02,
       -3.2615041162078098e-02, -4.0224894199639108e-02,
       -2.6960861023886448e-03, -2.3032822636380748e-02,
       -2.5768804772093798e-02, -3.7963161742212842e-02,
       -3.9340978892430475e-02, -3.1596967283383813e-02,
       -2.8305105363648834e-02, 7.4791722677891789e-03,
       4.0325671769424455e-02, 3.3641422757872554e-02,
       -9.4284397880795446e-03, -3.2360110977544668e-02,
       -1.6379018498630490e-02, -2.5581003304869742e-02,
       -7.2780078576823492e-03, -3.1169400274810993e-03,
       4.7796363872592475e-03, 7.7977831466301606e-02,
       -7.0131543239657212e-03, -3.4350423391396434e-02,
       3.7465803115727760e-02, 5.2954078153651642e-02,
       5.5266409330481927e-03, 5.5277202003821281e-02,
       -1.2376526033838219e-02, -9.0462627784700170e-03,
       -3.2137035425546349e-02, 4.1110253609081930e-03,
       2.9013853391341649e-02, 3.5769208413266640e-02,
       -1.4689806407915975e-02, -2.3790071910700230e-02,
       -3.1028526184817828e-02, -1.3011119147013818e-02,
       -4.7063439484704385e-03, 1.7056957459028632e-02,
       -2.3121464998509460e-02, -4.3783197304486918e-02,
       -3.9293149820152883e-03, -3.7296310578535607e-02,
       -4.5872345249208649e-02, -3.5035505485222627e-02,
       -3.6424233285301789e-02, -7.7858312158502769e-03,
       4.0885917353788631e-02, -5.3963041369473434e-03,
       -3.3614513849860660e-02, -2.8491067094828213e-02,
       -1.4799942451354506e-02, -4.2014027348921748e-03,
       1.0697062142745344e-02, -2.8875299187084563e-02,
       -1.5151641853597787e-02, -1.5836610369246287e-02,
       -4.3194134972257714e-02, 6.0535821032218010e-04,
       2.6127063839305388e-02, 4.4887520971945566e-02,
       -7.0839369786568065e-03, -3.0818580058978355e-02,
       -7.0195942106477125e-03, -6.9860712269785184e-03,
       -3.3631721332078757e-02, 2.2483590267665207e-02,
       -2.4561274001490538e-02, -1.2674228178428233e-02,
       -2.7780076164587938e-02, -2.6057257644609290e-02,
       -1.6407893669389391e-02, -9.1842736088146165e-03,
       -7.4659626022577936e-03, -2.2907788926262877e-02,
       -1.6072210491480748e-02, -2.0289505760114103e-02,
       2.4486031635503339e-02, -3.1804607167523972e-02,
       -4.0758426383229365e-02, -2.7801985982571463e-02,
       -9.9710385150918734e-03, -3.1789937212344126e-02,
       1.7553926790264945e-02, -2.8569892046380392e-02,
       -1.8636071581631608e-02, -1.6912443750451825e-02,
       -2.8451162042008631e-02, -2.0933698131648155e-02,
       2.0419877515876969e-04, 1.3632680204344477e-02,
       1.0460143367704686e-02, -2.6632795986471530e-02,
       -2.8821477300761188e-02, -1.2928625705272020e-02,
       -2.9119777425037723e-02, 3.2619622393740624e-02,
       -1.6787051092820939e-02, -2.9353753104378610e-02,
       2.4547073751028700e-02, -2.8154286899303396e-02,
       -3.6721387464944688e-02, -3.6978158666402333e-02,
       2.4978039323210025e-02, -6.8256861054446097e-03,
       -2.3893906618667193e-02, -1.8192989138060438e-02,
       9.3530302602600115e-03, -3.3168884380408686e-02,
       -6.7009902021432375e-03, 2.7642032321551760e-04,
       2.7450479917825489e-03, -1.2118896367817024e-02,
       2.5317989872314702e-03, -3.7569670565900569e-02,
       -3.1129990124297794e-02, -5.7114439168350090e-03,
       8.9047293711112079e-03, -1.2998113180516477e-02,
       -2.3121337249357707e-02, -1.0432937713331694e-02,
       -6.5404184200335861e-03, 3.5748110847534306e-04,
       -1.4705106627475369e-02, 3.1849748516034081e-02,
       -1.1230672545540251e-02, -3.5955910342432632e-02,
       -3.1916631253815088e-02, -6.8699344002556787e-03,
       -1.3377946438815933e-02, 1.0742276226829682e-03,
       -2.6759074309974928e-02, -1.4332133987164588e-02,
       -3.1762621116525669e-02, -2.0346089507242142e-02,
       2.3651643481582853e-02, -1.5352321816188027e-02,
       -1.5692061860822580e-02, -3.8099918943287438e-02,
       -8.7522787197762929e-03, -1.6809983614148719e-02,
       -2.2884321651096318e-02, -3.1572631040285522e-02,
       -5.4484364835887689e-03, -2.9080175889521068e-02,
       3.2886819143643997e-02, -6.3385527159304112e-03,
       -1.0536747338699344e-02, -3.6107944848963555e-02,
       -2.8930655581893852e-02, -1.9419391335555383e-02,
       6.4008314983880973e-02, -3.8687126260388789e-02,
       -1.1663455340835342e-02, -4.2789698734840641e-02,
       -1.1478087302302015e-02, 3.1253305170155288e-02,
       2.1911268739270334e-03, -6.9247308253457584e-03,
       -1.2417256980193832e-02, -3.8501948506361398e-02,
       -2.8426449226855579e-02, -5.7472665993093079e-03,
       2.7165599785621695e-02, 3.4675072105708860e-02,
       1.7772413250271075e-02, 2.6499700188605348e-02,
       -1.0138567595991682e-02, -4.4579437996210940e-03,
       4.8607623942068544e-02, 3.0600713696696018e-02,
       4.8397467592978256e-02, 5.5543254417961783e-02,
       -3.6415751052187922e-03, -1.8796944177821968e-02,
       -1.4361447826815029e-02, -2.9972557717376180e-02,
       -4.5262865077907298e-02, -4.2245558228029695e-02,
       -2.3090762979866317e-02, -1.3552961875778874e-02,
       -4.5996642148113213e-03, -2.3531887682835293e-02,
       -3.6044525438779604e-02, -1.5283890564535592e-02,
       -1.7016081156833664e-03, -1.6244245242554238e-02,
       6.4847441752585000e-02, -4.4337672175438582e-02,
       1.2207282681050213e-02, 2.1315752068342473e-03,
       -1.5269164637345475e-02, -1.2637128316403509e-02,
       1.4694707506650941e-02, -1.9107370087422582e-02,
       1.2465755431402914e-02, -4.3495788697222593e-02,
       -1.9245203487078259e-02, -3.1462285956189107e-02,
       -4.0302455685436014e-02, 1.8052942809384340e-02,
       3.4372427075181948e-02, -1.1642016891574871e-02,
       -2.3512561588486559e-02, -2.6993307450314058e-02,
       -1.3388082168662963e-02, 3.0153441707466599e-02,
       1.8027062485485527e-02, 5.5730047678622406e-02,
       5.4710047707966355e-03, -2.3076500003224924e-02,
       -9.2586743512141981e-03, -3.6129295990395820e-02,
       -1.6377798153225237e-02, -3.8884449982935922e-02,
       -2.3339691489449109e-02, -3.1338396140014518e-02,
       -1.9258647875672167e-02, 3.9268176713666260e-02,
       -3.1243365967097085e-02, -4.0106106964346820e-03,
       2.1664644277794336e-02, -4.8101373473587025e-03,
       1.1173690265128948e-02, 5.2108646103968009e-02,
       1.4636267231485671e-03, 2.6220350064228612e-02,
       4.1296948062367167e-02, -3.9848400459855902e-02,
       -3.3789634032461130e-02, -2.5950761674960296e-03,
       1.0774352715805721e-02, -1.3345262443126111e-02,
       1.9610323015993483e-02, -8.4173612365424227e-03,
       -3.4967250851797291e-02, -1.3437677043141154e-02,
       4.9124929593473247e-02, -9.4507139293363279e-03,
       -1.6403161548792691e-02, -8.6317063817573612e-03,
       -8.5552391861483000e-04, 2.7323563303314296e-02,
       -3.1789054584966267e-02, 5.0638060190938014e-02,
       2.2272052376057550e-02, -8.0645432882839232e-03,
       -2.5089018533964027e-02, -2.0006179947902082e-02,
       -2.0812316302088754e-02, -1.7488687239852481e-02,
       6.0253880466892409e-02, 5.9830454851860511e-02,
       -1.1706798923648783e-02, 6.3157800051986929e-02,
       -2.8044859087105828e-02, -2.3205507018443591e-02,
       3.3963787816624062e-02, 3.7587064200608977e-02,
       -1.4417112768409582e-02, 5.7708932844254344e-02,
       3.8341651068168302e-02, -2.9463447374843840e-02,
       -1.3839006258953146e-02, -3.8052493952918570e-02,
       3.7251834092258372e-02, -7.0845219908351057e-03,
