%YAML:1.0
bias: 1.4313525097063695e+00
beta1: 4.5295248552053968e-01
beta2: 3.2031875670114758e+00
width: 6
height: 6
orientation: 31
data: !!opencv-matrix
   rows: 1116
   cols: 1
   dt: d
   data: [ -2.2380657191787997e-02, 1.6920890463941320e-02,
       2.8988137258639807e-04, 1.0311866663502620e-02,
       1.6948715967703403e-03, 2.3712307505362349e-03,
       -2.3349067757191418e-02, -2.3729883370687526e-03,
       -1.6820234256383286e-02, 8.7514189245569002e-03,
       1.3892633576453850e-02, -2.9161825751142675e-02,
       2.8883468907345720e-03, 7.5911656333917370e-04,
       -7.1581167911394395e-03, 6.8680458668276007e-03,
       3.6464820223102518e-02, 4.6426998568226165e-02,
       -2.5746231022253513e-03, 3.9287009474711143e-02,
       -1.1209533782277972e-02, -2.7818581447814589e-02,
       -3.0181879218796538e-02, -8.5331861435201609e-03,
       -1.9510810647033579e-02, -1.1791354861796470e-02,
       -2.3964452958805029e-02, -1.7391850692292637e-02,
       -2.0580946648583232e-02, -2.3476527128491582e-02,
       -2.7155493745705566e-02, -1.7806998684997116e-02,
       -1.8590154603337079e-02, -1.9030716957908336e-02,
       -1.0987359935619827e-02, 6.2467253069371873e-03,
       3.2067541083036022e-03, 7.7229616172673444e-03,
       -1.7034402721892467e-02, 1.9603761167838688e-03,
       5.0949859995375506e-03, 3.3286727277500039e-03,
       -3.5392904848742857e-02, -8.4070327326628697e-03,
       1.3668313801283499e-02, -2.3973994005655384e-02,
       -1.8430670233381085e-02, -1.3554213053465314e-02,
       -4.8975324999380879e-03, 8.6962965007719925e-03,
       2.6389652146627434e-03, 2.0955240542404503e-02,
       4.2701027045440695e-02, -2.0162939336671221e-03,
       -7.6049506372384192e-03, 1.1920881304507160e-02,
       -1.1666577212475536e-02, 4.7174601836743019e-02,
       4.9562762274391700e-02, 3.2913037832227141e-02,
       -2.9817771561441971e-03, -1.9082067965529227e-02,
       -2.4380858210890692e-02, -2.0834689435921525e-02,
       1.4901922303184696e-03, -1.5322221375147953e-02,
       -3.1311589143213574e-02, -2.8407849260516541e-02,
       -2.7577460737673653e-02, -2.0074128218285744e-02,
       -5.3859511011168952e-03, 1.2480110097423745e-02,
       2.2941632691395311e-03, 1.9622599959922653e-03,
       -1.8808686266221064e-02, -1.2924678788645866e-02,
       -1.1163189157012296e-02, -7.2071152069672498e-03,
       -1.5878447543246185e-02, -7.3583006367682570e-03,
       -2.6551941528559712e-02, -2.8737140206948019e-02,
       -2.3139381139385459e-02, -1.2858222881108661e-02,
       -1.6365918648733615e-03, -1.6855657870654780e-02,
       -5.2655404082410278e-03, 3.5851549590560040e-03,
       2.6311096799750848e-02, -1.6286860737770317e-02,
       1.7284110540404438e-02, 5.2986006469953099e-02,
       1.3248762874067821e-02, 4.2356709332026211e-02,
       6.0559147536354392e-02, 3.6139809013706801e-02,
       -2.1330110795767597e-02, -1.6319286916765312e-02,
       -3.5893436870098622e-03, -1.7440066997572051e-03,
       3.5413514286983513e-02, -1.9425456630085845e-02,
       -3.3889767930603810e-02, -3.1496909829094324e-02,
       -1.9657297726581643e-02, -6.0193012222956822e-03,
       -4.7098554102971372e-03, 3.8284245106306375e-02,
       1.5745210173598121e-02, -2.8795669722558436e-03,
       -1.4527923713618215e-02, -1.6815592537220536e-02,
       -1.3228528896511386e-02, -5.4521800081785551e-03,
       -7.5227419274135968e-03, -1.5154957969635577e-02,
       -1.5457696886783829e-02, -2.1351158204297942e-02,
       -1.4936589273682663e-02, -1.1078596250032560e-02,
       -2.5535098296484392e-02, -1.8997014899640865e-02,
       -8.2472907406104592e-03, -2.7041296069300350e-02,
       -2.0646546046061906e-02, -1.8120695806169929e-02,
       5.7697666093940204e-04, 3.1376824858299311e-03,
       -8.6902811909093658e-03, -1.9280343789353012e-02,
       -1.4105674914115775e-02, -2.1632278578468500e-02,
       4.2625262339761466e-02, 9.7834227514913275e-03,
       -7.4415503056383427e-04, -9.0921176588242333e-03,
       4.9110376731127158e-03, -2.8831398353770590e-03,
       -2.4674538427472817e-02, -2.0101014251861640e-02,
       -1.9187317844025407e-02, -1.5194564719415993e-03,
       -8.1819462852420251e-03, 3.5719797087417439e-02,
       -2.2952186286925285e-02, -1.8737077541033539e-02,
       -1.9209996159977545e-02, -1.4205672345490777e-02,
       3.5010522913905232e-02, 1.4368394102544880e-03,
       -4.3466817877637577e-03, -4.8641874030696227e-03,
       -3.1830439373584226e-03, -1.7988556432409743e-02,
       -8.3783906310692033e-03, -1.2604722354898117e-02,
       -2.1414132972270114e-02, -6.8418995571923429e-03,
       2.1870553824340121e-02, -1.4526442786440424e-02,
       -1.5546177245541517e-02, -6.8060553935001640e-03,
       3.9629873602185089e-02, 7.0444390593235387e-02,
       -2.5599300690658630e-03, -8.1865316199360369e-03,
       -2.3581962654295314e-02, -1.2619114543683984e-02,
       3.1996998270979932e-02, -6.0326903602083278e-03,
       -1.1902227217807489e-02, -1.6123429516141444e-02,
       -2.5720818485786917e-02, -1.0115644083527834e-02,
       -2.7214532315605586e-02, -3.0001923999227386e-03,
       -1.7731489409874002e-03, 8.1219954258107182e-03,
       -4.3885366905143750e-03, 5.3540544947681123e-02,
       -9.3900367780761392e-03, -1.0096799028636357e-02,
       -2.0763253261718330e-03, 1.1225141121881218e-02,
       8.6931974545292091e-03, -1.2232429750877289e-02,
       -6.5954490047591382e-03, -9.3210595910490808e-03,
       -8.1202633347800673e-03, -4.0044313240190409e-03,
       -1.2239395945031862e-02, -5.1251323708644330e-03,
       -1.2484619921899849e-02, -6.3687622710324370e-03,
       -1.0536076232635132e-02, -1.7090645635380142e-02,
       -1.4873990821399462e-02, 3.1448479415822662e-02,
       2.2467949104584189e-02, -1.8595985189781953e-02,
       -2.2175535138727769e-02, -1.7718760800529129e-02,
       -1.4562237186974605e-02, -8.5900037145454442e-03,
       -9.0413094395141377e-03, -1.4781862841626876e-02,
       -1.4407257273357395e-02, -1.3279089687127422e-02,
       2.3469075860179160e-02, -1.5395110922441314e-02,
       -1.2953586028604414e-02, 1.1096492114753420e-02,
       3.1546921604157771e-02, 9.7409093162437394e-04,
       4.0531350737456499e-02, -1.2679843211134783e-03,
       2.5208478416350256e-02, -1.2089188780023769e-02,
       1.8797884758622180e-02, -4.6057461087284715e-04,
       -5.9331109564298530e-03, -1.0857601417841829e-02,
       3.0683888860389356e-02, 9.8165109425574666e-03,
       -2.1951588386213377e-03, -1.0569500432046240e-02,
       -1.9872285200104887e-02, 6.7703186204382607e-02,
       -1.6830536919821018e-02, -1.3975301660629793e-02,
       -1.3023987184457214e-02, -1.3817511997010088e-02,
       -1.3753771648992105e-02, 6.6350247214261610e-02,
       -1.2542141647698823e-02, -1.2728711480907123e-02,
       -1.6044616684173674e-02, -1.8341407138982069e-02,
       -1.4816740810718272e-02, -1.8631407259145924e-03,
       -4.5463979093090497e-03, -1.9200132491934203e-02,
       -6.2037464640339081e-04, 8.9071182390214592e-04,
       2.8881430065618358e-02, 4.5449023003903785e-02,
       -2.2013246299817608e-02, -7.2287183501576167e-03,
       4.7464843078371254e-02, 9.3308627092840487e-03,
       5.9875015015113456e-02, 5.0637115140747993e-02,
       -1.0083805613080522e-02, -1.6607659561367918e-02,
       2.9295641595219468e-03, 4.0960492484727773e-02,
       2.2928656632827987e-02, -3.4853098538978411e-03,
       -3.4118664613933657e-03, -9.7447549985691419e-03,
       1.2751773524655148e-03, 6.3624925850395642e-02,
       2.2228916677231494e-02, 4.8523037493515865e-02,
       -1.9722617353781818e-02, 2.3667022594221845e-02,
       -8.9052159492178252e-03, -1.4440934488337609e-02,
       -2.0288627150947543e-02, 1.9233245357070891e-03,
       -5.7632401569630530e-03, 1.3636018205102303e-02,
       -5.1273064702271366e-03, 7.4838240595145530e-03,
       -1.9588167651905065e-02, -1.0704213250294003e-02,
