%YAML:1.0
bias: 1.6207053314486346e+00
beta1: 2.8337275059611620e+00
beta2: 6.2615003040706529e+00
width: 6
height: 6
orientation: 31
data: !!opencv-matrix
   rows: 1116
   cols: 1
   dt: d
   data: [ -4.4406838879181487e-03, 2.4989503028973896e-02,
       1.2280294446051946e-02, 1.9775287881140812e-02,
       -8.2379197663596578e-03, 4.4606657668990503e-02,
       -4.5377035405650058e-02, -3.6876299891971095e-02,
       -3.4591684136793949e-02, -3.2309799606517337e-02,
       -2.3097127611452328e-02, 1.1926576485845454e-02,
       -3.4596100755941196e-02, -3.0011836611624546e-02,
       -2.7476367425704685e-02, -1.5493063251252567e-02,
       -1.9277340615569946e-02, -5.7396438327731178e-03,
       -3.7526867285375208e-02, -1.3690495399338157e-02,
       2.6389549367977112e-02, 3.5084387709442187e-02,
       6.8614426619017970e-03, -3.5564192510907644e-02,
       5.8226038290452718e-02, -1.1120405517493987e-02,
       7.5755144399572601e-04, -9.3553579587899553e-03,
       -1.8841296918740997e-02, -2.1169828680349008e-02,
       4.5329522454128419e-02, 1.6853872081757878e-03,
       4.8747486681894034e-02, 3.5820020084947765e-02,
       -3.4963948374923649e-02, -5.2574019341339864e-03,
       1.8685130829640219e-02, 3.4964580288081000e-05,
       -3.8330387103237542e-03, -3.6236315656868103e-03,
       6.4304446529301037e-03, 4.8323036609970178e-02,
       9.1989869562773361e-03, -3.4381153495014895e-02,
       -3.6343610137414856e-02, -3.0196570498433634e-02,
       -8.1248541211931483e-03, 1.4276388876733700e-02,
       -3.2652422705033261e-02, -3.0829639130927337e-02,
       -1.8328769031118689e-02, -2.4534502049681935e-02,
       1.7930098711634113e-03, -2.3201827196592667e-02,
       -3.5892620168027758e-02, -3.0553569348810330e-02,
       6.2902084033822456e-02, 1.6149946386952448e-02,
       -5.5976628217683424e-03, -1.6456736920069864e-02,
       4.1624394798928800e-02, -1.2359990312447670e-02,
       2.9454169123497149e-02, -1.2968091477354015e-02,
       -1.2308234254733175e-02, 5.1286844383835392e-02,
       4.9761470417584060e-02, 3.2741146788862766e-02,
       4.0922286066892175e-02, 4.0477573412361557e-02,
       -1.2893517316733584e-02, 1.4792892002095234e-02,
       1.6435492945430643e-02, -1.8083435087562428e-02,
       -1.3269187919317114e-02, -3.6580858021026674e-02,
       -1.5428761493762927e-02, 1.3076889970455060e-03,
       9.5159164949306409e-03, -3.2063787225817299e-02,
       -9.1695454754161937e-03, -2.8560822292885677e-02,
       -1.7765748937429441e-02, -8.6249429772908958e-03,
       -2.9387372932203403e-02, -2.5634806591668519e-02,
       7.1624851654329066e-03, -2.5871427211023552e-02,
       4.4222070502266446e-02, 3.1078587508359557e-02,
       -2.7735520409141543e-02, -8.0986873072156681e-03,
       -2.8756351326900031e-02, -4.3182717267057774e-03,
       5.1606263413750200e-02, 3.9754658484832783e-02,
       -6.7297602253539668e-03, 6.0681907316713309e-02,
       2.8221670797017556e-03, -2.4734049691671773e-02,
       -3.3334708524294626e-02, -1.9168221220374350e-02,
       1.3829054722513199e-02, 5.2092093956188489e-02,
       -2.6112564008462402e-02, -1.2543516822029754e-02,
       -2.3499079545162324e-02, 2.0380930142282271e-02,
       1.6854955663679703e-02, -2.3917326921387504e-02,
       1.3063751889964557e-02, -3.0625330410956764e-02,
       4.8995527974079668e-02, 2.1843404171626956e-02,
       7.5555850632960872e-03, 1.1615617952424710e-02,
       -1.2839907857453516e-02, -1.9934731757877834e-02,
       1.9996700573845973e-02, -9.9829493488878644e-03,
       -1.4666366250345177e-02, -3.1129230256613061e-02,
       -1.5512951057204126e-02, -2.7450506252197214e-02,
       5.3042810394822171e-03, 2.0136917562459548e-02,
       -1.4388378107952366e-02, -1.4505256315929103e-02,
       -1.4979983381661333e-02, 2.2746469299693411e-02,
       5.7019110374073215e-02, 1.2577288835707268e-02,
       -1.2666659046163393e-02, -2.4481730180348028e-02,
       1.8927428170446760e-02, -1.1431887875981046e-03,
       -1.4790253774173104e-02, -2.6112462238919981e-02,
       1.1136284932757399e-03, 3.8853486578022893e-02,
       -1.8687270420517606e-02, -1.0866849406074774e-03,
       1.4848967269753136e-02, -4.1026390019479756e-03,
       8.9882713926929085e-03, -2.2552009943634509e-02,
       -2.7278233657590138e-02, -2.2815193983584954e-02,
       1.4906796561451902e-03, 4.6842184486272373e-04,
       -1.4368048592791529e-04, -2.1860249207065183e-02,
       -1.4113034995107833e-02, -4.1155385827026537e-03,
       3.6820127057305238e-02, -1.0108827521586651e-02,
       -2.3167996141240051e-02, -2.3220807309989617e-02,
       -2.4407334726669609e-02, -1.2111418259084503e-02,
       6.2246805488636366e-03, 1.6372878636351951e-02,
       -1.5859131999438121e-02, -6.3542680610759643e-03,
       -2.7476338674870871e-03, -1.4325343889359672e-02,
       5.0061322204888764e-02, 4.7728305709976611e-02,
       -3.5933698101603267e-02, -1.3991157816429775e-02,
       6.4086809889127849e-02, 5.1612444105691366e-02,
       -1.4458900699236919e-02, -1.0765970237995293e-02,
       -1.7580753156808907e-02, -3.0604074158476716e-04,
       -2.0069067045909713e-02, -1.1193600493378034e-02,
       3.0956816595293278e-02, -1.4626119343719306e-02,
       2.4749878509528114e-02, 1.0179730980512017e-02,
       -2.2810414438881318e-02, -2.5768299228218165e-02,
       -1.9666234590636877e-02, -2.6659891265378724e-02,
       -1.6260707787472337e-02, -3.4680391408252569e-02,
       -1.9201943121866863e-02, -2.6640940450202186e-02,
       1.3560385095817291e-02, -2.6207376086696613e-02,
       -8.0055870982619643e-03, -1.0379743305727211e-02,
       3.5324713874225394e-02, -2.0618810997408976e-03,
       4.8446193335235872e-02, 1.8920472484070104e-02,
       -8.9996455549557677e-03, -1.9068210942588135e-02,
       9.5999362334091790e-03, 3.7740775149383305e-03,
       -2.3574150999083804e-02, -1.5346169377338193e-02,
       -1.9371236861332963e-02, -5.6260054944101811e-03,
       4.1151271474277971e-03, -2.0036495051712653e-02,
       -3.1193770969529414e-02, -2.2091300457078692e-02,
       1.3455113238548404e-02, -1.9170512969411954e-02,
       -3.0815481533934048e-02, 1.6520985361285885e-02,
       -2.1583291851527322e-02, -2.2373862371279779e-02,
       -1.9187233173044663e-02, -5.9331933256996173e-03,
       4.1244078458591077e-03, -1.8673548554642184e-02,
       6.2341184970737349e-03, 5.1098203851100334e-03,
       1.2401193307469744e-02, -3.1412491802044328e-02,
       -1.7862269805328346e-02, -1.4245058976086532e-02,
       7.0972202720725422e-02, 2.3712763150858601e-02,
       -7.3979283104559932e-03, 2.2987901184977504e-02,
       2.6495321440125272e-02, 5.8842437245813662e-03,
       6.6971888565334536e-02, 4.0137833951190291e-02,
       -2.1963385666979966e-03, -1.8928820293659478e-02,
       5.9130998659638209e-02, 5.1216713403168017e-02,
       -9.1886021325300864e-03, -3.8302009874538251e-03,
       -8.8325862319220232e-03, 5.7014056680822498e-03,
       2.8381427667594519e-02, -1.7635582083706552e-02,
       -6.0309977750939775e-03, 3.8409743250707930e-02,
       2.2246693031331945e-02, 1.3344676686819013e-03,
       2.6728907704407700e-03, 1.3399311158440204e-02,
       2.9424268735709920e-02, 3.0804291826515173e-02,
       7.6491116137060999e-03, 4.4458526442845064e-02,
       6.8054617401323691e-03, -1.8701272504343086e-02,
       1.3722434057621365e-02, 8.4438671772876072e-03,
       4.6567075030870559e-03, 3.4434458010067497e-02,
       2.7390365122364176e-03, -6.4148223179612005e-03,
       3.7358290982535333e-02, 3.3790935617073706e-02,
       3.6082228943324378e-02, 5.3253998801141449e-02,
       -5.0495175285401456e-03, -1.4923902404405574e-02,
       1.2686482560238341e-02, 5.1849308371541274e-02,
       -6.5422072289612471e-03, -1.5518530983281062e-02,
       -1.2052757099503906e-02, -3.3391750866562091e-02,
       -2.9391370022688705e-02, -7.9652362639439783e-03,
       -5.5785103614999724e-03, 1.3665110644154295e-03,
