%YAML:1.0
bias: 1.6231752487238889e+00
beta1: -6.2769003162788684e-01
beta2: 2.1030121711957146e+00
width: 6
height: 6
orientation: 31
data: !!opencv-matrix
   rows: 1116
   cols: 1
   dt: d
   data: [ 4.5599743620070229e-02, -2.0095521298929980e-02,
       1.2460087808027251e-02, -3.5553174518615366e-02,
       4.0975071159673027e-02, 5.0796690555601522e-02,
       -3.6528467808910031e-02, -2.4601754377640405e-02,
       -3.0850626158092022e-03, -3.5844954398268375e-02,
       -4.2805612621393929e-02, -3.5076671005287031e-02,
       8.0653734460271499e-03, 8.7029269282528007e-03,
       -2.2090868233429616e-02, -1.0381133830776089e-03,
       -4.2211317148793968e-02, 2.9070655186895007e-02,
       -1.8899255788509740e-02, -2.3607024131787800e-02,
       -1.7450044431464397e-02, 2.8471390042525385e-02,
       -2.0882290931172616e-02, 7.2835504811108063e-03,
       3.5874659285821217e-02, 3.2875805176025757e-02,
       -2.2230804280266303e-02, -1.5574142685066423e-02,
       7.5822836289772488e-02, -1.2869012565179951e-02,
       -3.0506088000190459e-02, -2.7769518329384468e-02,
       -2.1438039074658841e-02, -2.0027112330901684e-02,
       3.6388070324209196e-02, -2.0593893300826331e-02,
       3.2746330100592635e-02, -2.8249551094025192e-02,
       -3.0559656653870060e-02, 1.0257729048061695e-03,
       -3.2714443151790730e-03, 7.2434365322224414e-02,
       -2.3292801548479108e-02, -3.1013801192465267e-02,
       -2.4938529128464594e-03, -2.1063638112566115e-02,
       -2.3664016762084093e-02, -1.3564287681120793e-02,
       4.7229087820866633e-03, -5.3500240608244015e-02,
       -3.6299582154427495e-02, -9.2525562042311219e-03,
       3.2855329778233827e-02, 8.0343020231973157e-03,
       -2.2126756265611440e-02, -5.0934782284852931e-02,
       -1.4303951010567164e-02, 3.4906417442585505e-02,
       6.1494382319545300e-02, -3.5752379274726326e-02,
       3.7551636132090857e-03, 6.5555358200808489e-02,
       1.8124952633203888e-02, 5.5656513045005546e-04,
       4.9299137115783057e-02, 5.7027741887238401e-02,
       1.4368797292342961e-02, -7.2703363460309154e-03,
       -6.0344311262056517e-04, -3.0855082004185644e-03,
       -2.4905804927890178e-02, 2.5331535828259987e-02,
       -4.8311145777490266e-04, -9.1374506413459781e-03,
       8.2603309219208762e-04, -1.8370070733568222e-02,
       -6.3208240413440550e-03, 3.7924964786655519e-03,
       -6.9354899440362237e-03, -3.0989645709774104e-02,
       -1.6518285997151563e-02, 2.8287851987678359e-03,
       -1.5555552091554179e-02, -1.4553342885208678e-02,
       1.5338494991521744e-02, -1.9380949552177510e-02,
       -3.4838781684805177e-02, 5.5363483909842373e-02,
       7.4569613857378966e-02, 2.1217903389455069e-02,
       -1.5647285187306723e-02, -5.9203654556179933e-03,
       1.5236839466425532e-02, 2.4822726667039715e-02,
       2.9316752852830186e-02, -2.7828332942685049e-02,
       -1.7971333865856007e-02, 5.1670018809630111e-02,
       6.1057068798734605e-02, -1.5963837722310109e-02,
       -9.0867721399733679e-03, 7.5819456753013327e-03,
       -5.9404898947845366e-03, -2.3011155535210326e-02,
       -1.6678113711653106e-02, -1.3260581207918841e-02,
       -2.8668543340422455e-02, 1.0560399050226627e-02,
       6.0931819221108109e-03, 1.5561257716604758e-02,
       -1.4569296567835191e-03, -2.8652817568198849e-03,
       5.7934532471155282e-03, 2.2118073647382018e-02,
       1.3068017865950354e-02, -8.3392565634023141e-04,
       8.3039401539014481e-04, 1.1638771738301579e-02,
       -9.8517997477298898e-03, -1.4738274106932826e-02,
       3.4049048536582444e-02, -1.4001751951361630e-02,
       -3.0107993092036822e-02, -3.3201476694460608e-02,
       -2.4844996119374841e-02, -2.9185032014320017e-02,
       -1.5121696282875654e-02, 6.4718975692922440e-02,
       4.4288128765340530e-02, -2.8070126799453136e-02,
       4.1235329745886989e-03, -2.7614992414364679e-02,
       -2.4377668642696151e-02, 2.9842494541097359e-02,
       2.0860371785463253e-02, -3.9843925119675471e-03,
       -1.8514683601705453e-02, -1.1653414725882627e-02,
       -2.4621953757644914e-02, -3.1058285614694349e-04,
       -1.2688946108704486e-02, 1.2467026820084531e-02,
       -1.4715376099741301e-02, -6.7296184186565458e-04,
       -1.6263442709112529e-02, -1.9111608110081179e-02,
       1.6668253909152674e-03, -1.0281951514818786e-02,
       -1.4765637104301203e-02, -5.6045190539564579e-03,
       7.3093067572737192e-03, 1.8635087179106575e-02,
       -5.3606491026771709e-03, -3.3406606855524244e-03,
       -1.7667118464849838e-02, -1.6117840399411592e-02,
       -1.3660771740553686e-02, -1.9811303799301700e-02,
       -2.7900173880977663e-02, -1.5169525438701805e-02,
       -1.8746385584846096e-02, -3.0453676586827905e-02,
       -2.9521206419175296e-02, -1.0275158520242324e-02,
       -1.9261991638896137e-03, -1.6435383779572640e-02,
       -2.5359775970954707e-02, -3.5635193394066372e-02,
       -2.1516583973166782e-02, 2.0931914301414261e-02,
       -1.6825493881347922e-02, -2.1338497487747549e-02,
       1.4516038677237409e-02, 3.1717966979891390e-02,
       -1.0278368105841216e-02, -3.2742400091006041e-02,
       -1.5842548896235851e-02, -2.7051766794674850e-03,
       -1.3206823869385667e-02, -1.4787112834515719e-02,
       -4.6026927709831213e-03, -9.0789292149773271e-03,
       -2.9293123247894244e-03, -9.0800553479554093e-03,
       -1.4967134114869923e-03, -1.3510356156729754e-02,
       -8.6746414881318495e-04, -1.8348996882862581e-02,
       -1.9910258297830843e-02, -7.3259008214260277e-03,
       6.9575387485269584e-04, -1.2390627355006062e-02,
       -2.4843194304076267e-03, -3.1282020266787364e-02,
       -1.2684986939802389e-02, -1.5183203793815330e-02,
       -1.7693626651447931e-02, 2.3175337478575871e-02,
       6.2463717760912786e-03, 2.5182536808019185e-02,
       4.5319301782552474e-03, 4.8456843706984245e-03,
       9.0447796297164536e-03, 3.7171902012297003e-02,
       -2.1787183276420322e-02, 1.9429876567258076e-02,
       -2.5346347709988268e-02, -2.0026273641827748e-02,
       3.1025610801732641e-02, 2.2822507774487934e-02,
       4.4033579588841229e-02, 4.0038695936514528e-03,
       -2.4906886333126703e-02, -2.3734617830200012e-02,
       1.7137991034731070e-04, 1.0761979063774060e-02,
       -1.7884994726868494e-02, -1.0448019415899581e-02,
       3.2351196321828340e-02, -1.0112410341962440e-02,
       -1.8540914555431463e-02, -1.1791451448790423e-02,
       3.1567107971036026e-02, 4.9934188242430934e-02,
       3.5511219127671002e-02, -6.4019762287046388e-03,
       -1.7073894871112178e-02, -2.4116641311009757e-02,
       5.8546429467989311e-03, 3.2331006946610653e-02,
       -1.6716986303086913e-02, -1.8389306341216050e-02,
       -2.0258001853849572e-02, 1.4862471573110918e-02,
       3.0183819103278213e-02, 1.0700357400347929e-02,
       -1.0191393394574042e-02, -5.7195313367124582e-03,
       3.6776819934554700e-02, 4.3215608891742294e-02,
       4.1693444185179488e-03, 1.4751661701408207e-02,
       -1.6028011974201863e-02, -1.4814215397371544e-03,
       2.2310033800522083e-02, 2.4307753040162571e-03,
       -4.5508703986344894e-03, 1.3274902332762236e-03,
       1.7756445392295324e-03, -5.6586534115945011e-04,
       2.0776010862202064e-03, -5.5872302506332922e-03,
       -1.7742146662942566e-02, 1.3754819845747224e-02,
       1.9594839387195018e-02, -1.2350524897641121e-02,
       -2.7461553797083565e-02, -2.1436241244983348e-02,
       -7.0142575931881404e-03, 4.0916643973254181e-02,
       -4.6043145223464196e-04, -1.0312767269771853e-02,
       -1.0227778156088836e-02, 3.2867077300941057e-03,
       -2.1255255362170027e-02, 2.4217190278033630e-02,
       3.4790341931124028e-02, -1.4779724413248450e-02,
       -2.6660670551100760e-02, 7.2275374797774419e-02,
       4.5613020372478212e-02, 1.2056374778103710e-02,
       -1.4993454474860959e-02, -8.4533442268546963e-04,
       -2.5960203682409460e-02, -8.0574549835541083e-04,
