%YAML:1.0
bias: 1.6972774373883526e+00
beta1: -8.8690778110036528e-01
beta2: 1.9204277347955987e+00
width: 6
height: 6
orientation: 31
data: !!opencv-matrix
   rows: 1116
   cols: 1
   dt: d
   data: [ 3.9907067538950354e-02, 3.2732300837335221e-02,
       3.5818180347604853e-02, 3.0374644885408822e-02,
       4.1672766267697177e-02, 1.7040140172519116e-02,
       5.0642895026578913e-02, 5.1232140104459298e-02,
       4.0178977259809748e-02, 2.8173487089169391e-02,
       5.5800183409455320e-02, -1.2844642322035378e-05,
       -2.1480956711822111e-02, -7.5376087188685154e-03,
       2.3703373046285805e-02, 3.3904073723819731e-03,
       4.4458198742785993e-03, -2.8890270788505208e-02,
       5.2687124110195875e-02, 5.2805645267439180e-02,
       5.5568267855410913e-02, -2.2355099636189635e-02,
       5.7861819238409766e-02, 7.6778194124013689e-03,
       -2.8328217027063955e-02, 1.8397943327855985e-02,
       1.8681370819251149e-02, -4.6134816682602352e-02,
       3.9789282930308395e-02, 3.0846878247605649e-02,
       -1.2363623562655614e-02, 4.8905498615836596e-02,
       1.9961843342532433e-02, -1.8571262829245754e-02,
       4.1213445043323589e-02, 4.0889408472603514e-02,
       -5.4475865692529346e-04, -7.0351685634517103e-03,
       5.0785398971277519e-02, 5.3051779671695845e-02,
       5.9267662895257887e-02, 5.2244418916997340e-02,
       -2.5105585765911004e-02, -9.3022131342922025e-04,
       5.8743052303179329e-03, 1.2645858406579247e-02,
       -8.8128203159114835e-03, 4.5057557218720345e-02,
       -9.2176523072294500e-03, -2.1152368369279421e-02,
       1.5717595733846814e-02, -9.2201408632622030e-03,
       -2.9230286852768066e-02, 2.5774834330875900e-02,
       8.7561391021474776e-03, -3.2348091442585769e-02,
       -1.8166548753315432e-02, -1.9915237774933932e-02,
       6.3480822654819746e-02, 2.8752764664002624e-02,
       2.0146463713177805e-03, 1.4230362070968528e-02,
       -8.7643516273494069e-03, -2.0063909945675289e-02,
       -2.8884010199092647e-02, 1.3827529497414813e-03,
       1.1714814841038689e-02, 2.6256974717857474e-02,
       -2.7454849675389137e-02, -7.4183011406199467e-03,
       4.6593780469219415e-02, 2.1525360479036238e-03,
       -9.6979406404200906e-03, -1.6591104369551649e-03,
       1.1028548627076726e-02, 2.1705683234343253e-02,
       -2.7286952315117716e-02, 6.4717048935465760e-02,
       -7.6578476561335387e-03, -1.6192052521203586e-02,
       -1.2064975656040250e-02, -2.6768349195330894e-02,
       -2.8210787309419411e-02, 2.8326273732670989e-02,
       9.3422121392076618e-03, 1.9811846753263682e-02,
       1.3357231811076810e-03, -2.1310319699735646e-02,
       -1.7747443618403205e-02, 6.5943502234745294e-02,
       6.4651294770550816e-02, 1.6452940492481187e-02,
       -2.0168660965913132e-02, -3.5236410379877719e-03,
       3.9858306557984174e-03, 2.0846667436513314e-02,
       1.6682324362566779e-04, 1.0497761276709927e-02,
       -3.2281309445492276e-02, -8.6865171826249650e-03,
       1.9454744329897175e-02, 1.3488173134438975e-02,
       1.1659675041980663e-02, 4.7937485744922979e-02,
       2.0414562632884683e-02, 8.1274322487002740e-02,
       1.5387341694275775e-02, -3.0370179659703185e-02,
       -6.9738916879437170e-03, 6.8381423802778458e-03,
       1.2341421219150796e-02, 1.3236180255074750e-02,
       -2.7438562387087410e-02, 7.0566818064657186e-02,
       -2.9202777396063195e-04, -1.1573011571798934e-02,
       -3.6615624422046064e-03, -1.7078468750070845e-02,
       -7.3717197984636256e-03, 4.3363875773339625e-02,
       1.5651176810424439e-02, 4.1410635908592071e-02,
       2.2239928920394867e-03, -1.7953391766646606e-02,
       -6.4380647161070715e-03, 3.2626758614648588e-02,
       -3.0629810154128778e-03, 1.5833757089226512e-02,
       -2.0591942956839027e-02, 9.6932750654913410e-04,
       -5.1718591982223370e-03, 2.6660981506912557e-02,
       -1.2408471502438866e-02, -1.2271420864892543e-02,
       -2.3114126343638547e-02, 7.4423675478735140e-03,
       3.3638387396240428e-02, -1.2672281414603404e-03,
       2.7205961425243726e-02, 1.5489122396496746e-03,
       -3.1991128282899111e-03, 1.9942157403155830e-02,
       -3.4372730075451018e-02, -2.6661567198887827e-02,
       -2.2483600802660590e-02, -2.5943525273611524e-02,
       7.6656589235917835e-03, 1.4644286950454652e-02,
       -2.5432955757431978e-02, -1.8283508409359678e-03,
       -1.9356454798919787e-02, -2.2609810795054180e-02,
       -1.9870932346914220e-02, -1.0655843431920444e-02,
       -1.5234266336553854e-02, -1.5159752034379628e-02,
       -2.7627869047022656e-02, -2.1354278317185501e-02,
       -8.5381745185560479e-04, -2.4712195869940144e-03,
       -1.5809373976356345e-02, -4.0497737476957885e-03,
       -2.4593287964751361e-02, -1.4035561364312400e-02,
       -1.9945985203591501e-02, 4.0744110615663007e-03,
       -6.2785883945118380e-03, 5.5893419267293423e-02,
       -1.4199973785058523e-02, -5.1455444467561843e-03,
       -2.2996053538661229e-02, 2.8064107219379613e-03,
       1.2463994375334839e-03, -1.3912290140910621e-02,
       -1.8550059725903657e-02, -1.5151431831688506e-02,
       -2.3035092056142813e-02, -9.9895015075237206e-03,
       -2.3300362064702006e-02, -3.1636303600950239e-03,
       -9.4759041827465890e-03, -8.8252415496552061e-03,
       4.2528158494077491e-03, 1.4776706911141508e-02,
       -1.8956910663498631e-02, -1.8508676012996352e-02,
       -2.3549552697450890e-02, -2.3857262162782923e-02,
       -8.0655185441715019e-03, 1.1450224316612880e-02,
       -2.2661334767485802e-02, -1.2986530686410190e-02,
       -1.9889992018030073e-02, -4.3361459637157942e-03,
       -4.4029117091411319e-03, 3.6604798809699884e-02,
       -1.9964749211141573e-02, 1.4433561759559354e-02,
       -1.3632577023821930e-02, -1.1609102117193787e-02,
       -2.0562401097060076e-02, 9.3940337544187302e-03,
       8.0576663522650971e-04, 7.3723580156661556e-02,
       -2.3364104377369323e-02, -2.3327768960756598e-02,
       -1.7277896862589456e-02, -3.0189565779698366e-03,
       -1.2547330298760262e-02, 9.7566390382950660e-03,
       1.6166517113693785e-03, -1.9882659604625638e-02,
       -1.8720966019476544e-02, -1.0943994103204679e-02,
       -3.4383349885968480e-03, -1.7146004162416600e-02,
       -4.3884943941328216e-03, 1.6490466885645358e-02,
       -1.0861205484894382e-02, -1.4269970453237869e-02,
       -8.8451096476859035e-03, -7.3913138722287754e-03,
       -1.4368712814918905e-02, -2.3596573932671193e-02,
       3.7953968673009927e-03, 9.2551859113636451e-03,
       -1.2437020977079270e-02, -9.3518782713682830e-03,
       1.0562266609975482e-02, 7.0170438286111914e-02,
       -1.9686266753601991e-02, -9.9208215137931016e-03,
       -1.8686352795816978e-02, 3.3473456512272143e-03,
       -1.5264108320636263e-02, -1.0488617203366246e-02,
       -1.9968476474663321e-02, -2.2050737654073015e-02,
       -1.0131369577031089e-02, 8.1082966895894920e-02,
       -1.9974638624849841e-02, -1.9236388513078788e-02,
       -2.4565144109736793e-02, -1.0088902306835784e-02,
       3.8793979298281517e-02, -1.2793817848524550e-02,
       -2.6439976233062473e-02, -1.8905816751396555e-02,
       -1.5914509736603241e-02, 8.6602728746370920e-04,
       1.1471104226020932e-02, 1.5255932711214469e-03,
       4.9762682439752938e-03, -3.4582440702670941e-02,
       -9.5834169794718656e-03, -2.9246815446562248e-02,
       -1.9685272694183902e-02, -1.0464682964000185e-02,
       -2.4834406565117997e-03, 1.2326798118845114e-02,
       4.2647785354370471e-02, 3.4478205090730830e-02,
       -1.2473868904484549e-02, -1.6417336878813686e-02,
       1.0187888765818571e-02, 4.5437157623040667e-02,
       -7.9259154522758387e-03, -1.8696693356811706e-02,
       1.3689491813163425e-03, -9.8661443535424491e-03,
       -2.1700661670682162e-02, -1.6252828369710759e-02,
       -1.9477774838737732e-02, -2.9878474245321598e-02,
       -6.0376608128615127e-03, 6.8858963841161649e-02,
       5.0149492756397778e-04, 2.8180036108899954e-02,
