%YAML:1.0
bias: 1.6530420856374215e+00
beta1: -1.0405337541485238e+00
beta2: 1.3079271945875297e+00
width: 6
height: 6
orientation: 31
data: !!opencv-matrix
   rows: 1116
   cols: 1
   dt: d
   data: [ 4.7339993734021958e-02, 3.8038916613666554e-02,
       -3.5474481675295155e-02, 1.6547534677737070e-02,
       -1.3162057419832491e-02, 5.3587652009133332e-02,
       -3.6693803905312745e-02, -4.1148175657706364e-02,
       -4.0268478303431283e-02, -6.7675412722674744e-03,
       -2.4651945746946902e-02, -2.9144809835004958e-02,
       3.8353227871963137e-02, -2.1648769952673584e-02,
       1.3634549174416515e-02, -1.5446985945646861e-02,
       -2.8849572647077462e-03, 1.6851743916548190e-02,
       8.6820669878575583e-03, -2.4163142270211675e-02,
       2.5884945119372050e-02, -2.0679935427447695e-02,
       -2.4762043531445597e-02, -8.1053693865620231e-03,
       -8.9487936293163213e-03, 7.9154768747069851e-02,
       -9.2077663164436864e-03, -3.1678951958098875e-02,
       2.5009856576033659e-02, 1.6134191324876736e-02,
       -2.0802523611801363e-02, 3.7916435139209032e-02,
       9.1350259697280545e-04, -1.4856326828998116e-02,
       -2.9249964705564055e-02, -3.2448381779845534e-02,
       6.6188265197797330e-02, 6.5075805016528737e-02,
       3.7714160261429090e-02, -4.2826054863328175e-02,
       2.5224110945362133e-02, 3.9139839863126323e-02,
       -1.0516706046867571e-02, -2.1544737377774785e-02,
       -2.4349402572245691e-02, 3.5837570207159532e-02,
       1.8442292941812707e-02, -1.7975555065869855e-02,
       7.6688352147491728e-02, -3.4097067584670814e-02,
       -1.8461331364376790e-02, 8.0679402158382631e-04,
       7.9292564820552122e-02, 4.4181291904168994e-02,
       -1.4395312651241478e-02, -2.2823042792927087e-02,
       -2.1990045909277646e-02, -1.0546387480603412e-02,
       1.6534974380796673e-02, -3.3336940493907943e-03,
       -3.1941024989766767e-02, -4.5874958690430637e-02,
       -3.1789312200590919e-02, -2.8528832180263697e-02,
       -1.7054869152834277e-02, 5.0402505277009645e-02,
       -2.3312203225285037e-02, -1.5011506069568747e-02,
       -5.9553330397477504e-03, -1.4141715795247367e-02,
       -3.6468732711435914e-02, -8.9684556683683244e-03,
       -1.7075002071819619e-02, 3.5237749552066731e-02,
       1.0637652660285326e-02, -1.2433811992159236e-02,
       -7.4086574388923321e-03, -2.6834744040787194e-02,
       -2.4907417592908196e-02, -4.6708021665213279e-03,
       -7.7261902289941092e-03, 1.7300556800321533e-02,
       1.2987061569629355e-02, -2.9420337995922224e-02,
       -2.1801889374959166e-02, -2.6301685485737164e-02,
       -8.5586084995310195e-03, 3.2815291199951219e-02,
       3.1632156876819070e-02, -7.3012954339915451e-03,
       -1.4930815802645868e-02, -1.4399329735593316e-02,
       1.0150901624572193e-02, 1.5372562844956760e-02,
       -1.6246739363259734e-03, -2.0389622181267376e-02,
       8.6880903625474321e-03, -5.8484312381993139e-03,
       -7.3329732965071639e-03, -9.8169979054323793e-03,
       -2.2418740852207623e-02, 6.6321179659235840e-03,
       -2.1253382395187218e-02, -1.8024581958856888e-02,
       5.8299737295598418e-03, 3.1826569957899238e-02,
       -8.3854200932189215e-03, 2.9072111187472268e-02,
       -9.3821540947611522e-03, 2.5139858532949814e-02,
       -1.1288683057979965e-02, 2.5146709079496579e-02,
       -2.2655214198523763e-03, -1.3439281875165536e-02,
       -1.5216069753166269e-02, -2.0587992770913978e-02,
       -1.3014460470107743e-02, 1.2315642311434651e-02,
       -1.9179367175767639e-02, -2.4102138033693619e-02,
       -3.6357050870877740e-03, -1.9439399540581506e-02,
       -1.8166815422053166e-02, -6.0462912982018578e-03,
       -2.5658477183446774e-02, -1.3276944632466333e-02,
       -1.3159926344189332e-02, -2.0330885759112838e-02,
       1.1551757145783164e-02, 3.0582245725659554e-02,
       -9.7946136194593039e-03, -1.2005043963240133e-02,
       -1.7571766887785958e-02, -4.9513030956575312e-04,
       1.7808187148091757e-02, -1.2687214468726549e-02,
       -8.5352726416093941e-03, 2.1220331922880149e-02,
       3.4787206469736962e-03, 4.3481660716831114e-03,
       1.2673687169459154e-03, -1.6504354845621502e-02,
       6.2210426659508643e-03, -3.3581953543605540e-02,
       -1.6922846204477503e-02, -2.4814154336918137e-02,
       5.5112659961687512e-03, -1.9159633129550969e-02,
       -2.2283788116854678e-02, -2.0661726316222859e-02,
       -1.7381654268143264e-02, -2.6111214966296599e-02,
       -2.0499127045422061e-02, -1.4922880061825910e-02,
       8.5679842385042587e-04, -8.3964216687024348e-03,
       -1.2986152215595747e-02, -2.3932318613394420e-02,
       -2.9724595902937044e-02, -1.6455663339887322e-02,
       -2.0806111711674714e-02, -1.5661757154571188e-02,
       1.5882702440999583e-02, -1.8480942821718055e-02,
       2.9417425529423679e-03, 2.8402090005789422e-02,
       1.0067351537364447e-02, 2.1730689402799198e-02,
       -2.2312057644388192e-02, -2.8039074422484257e-02,
       -2.9650065540703756e-03, -1.9740692114980765e-02,
       5.1484540174627905e-02, 9.5008276297891020e-02,
       -2.2014040121615265e-02, -1.2283899578607753e-02,
       -1.0046957434578552e-02, -1.9756708838258676e-02,
       -4.8496378259764213e-03, 5.1849920071248307e-02,
       -8.2359604922548416e-04, 2.9212656904348835e-02,
       7.5273217917645862e-03, -1.2140267193833024e-02,
       3.0914155375398548e-03, 3.6704162977847943e-03,
       -1.9985843811405224e-02, 6.5503715030475491e-03,
       -8.8553375034327794e-03, -1.1548111063689118e-02,
       -9.4660398416062507e-03, 6.6008556759180229e-02,
       -3.1584008903744291e-03, -2.0740367739899124e-02,
       -2.8735058130928675e-03, -1.1650577613766849e-02,
       -1.6286400626222150e-02, -1.3740026992841867e-02,
       8.9733437710753081e-02, -1.9007240545459204e-02,
       -8.4652514585460952e-03, -1.9736558957598592e-02,
       -3.1646405208854159e-02, -2.0409404058389879e-02,
       -3.1363548342920730e-03, -2.6339641930280933e-02,
       9.1784719128680890e-03, -1.7238567999688842e-02,
       -2.6540924187792546e-02, 5.3500989819495696e-03,
       -6.3171493006585980e-03, 1.2229096687356710e-02,
       -2.1289662310179473e-03, 2.5061681750521911e-03,
       -8.6649302523477568e-03, 6.3596786126100355e-02,
       -1.9759297706861946e-02, 1.7107187808364985e-02,
       -2.7000764963987442e-03, -5.9237485169617125e-03,
       -1.9469065079102010e-02, -2.1052308614234107e-02,
       -1.8662160673719883e-02, -9.2491980453595288e-03,
       9.8554359988245119e-03, -6.6841659068115553e-03,
       -2.1737275661075348e-02, -9.8388759389194573e-04,
       -3.2346261302595047e-02, -3.3169516774769987e-02,
       5.5123243487373942e-02, -1.6190315521615831e-02,
       -1.9267320544476448e-03, 1.1010114964685742e-02,
       -1.8093419180067478e-03, 5.0206402550802047e-02,
       -1.5951449094237104e-02, -2.6331367949605045e-02,
       1.1464327162795402e-02, 2.8620403601776225e-02,
       6.6883668769006409e-04, 7.3262138795862020e-02,
       7.3324835578709419e-02, 3.0932310645698846e-02,
       -2.6401273035980360e-02, 3.6464996168519359e-03,
       3.1862240172207817e-02, -6.3364118713453805e-03,
       4.0274829072564512e-03, -6.2273125425876949e-03,
       -1.1568589516316907e-02, 5.5870454854127047e-02,
       -1.7713095184199387e-02, -1.6719683046834601e-02,
       -5.6560629850857715e-03, -2.0227388653345911e-02,
       -7.5299136395391188e-03, 1.5676155061059738e-02,
       -1.3755918317477703e-02, 3.3503056497986843e-02,
       4.8354285664877747e-02, 7.4694294419698510e-03,
       2.2641319136071255e-02, 6.6124635135157137e-02,
       -4.3203758441794957e-02, 7.7635200591578024e-02,
       6.9094316642015208e-02, -1.4257737022245498e-02,
       7.9971464576191170e-02, 3.3121211574272072e-02,
       -2.4667963537931190e-02, 7.2226246520829068e-02,
       6.2895942512990091e-02, -3.9228600333657694e-02,
       8.7349693046307367e-02, 6.2011675428643449e-02,
