%YAML:1.0
bias: 1.6462221169508913e+00
beta1: -1.2668138214571802e+00
beta2: 1.5041941245296990e+00
width: 6
height: 6
orientation: 31
data: !!opencv-matrix
   rows: 1116
   cols: 1
   dt: d
   data: [ 5.7313088130269599e-02, 4.2485299847157057e-02,
       -7.6054290962551899e-03, 1.7615195955222252e-02,
       -5.1264259785215836e-03, 1.1841429881248268e-02,
       5.1088430852413325e-02, 5.0617104505255237e-02,
       1.0471249252651133e-02, -9.1064765243749311e-03,
       1.7981602518940699e-02, 5.7564939487929671e-02,
       -2.7241696677216726e-02, -2.6804829086697800e-02,
       -3.7536058761243773e-02, -3.0687732046221380e-02,
       2.7703291564177494e-02, -3.7524861933050414e-02,
       -1.8822227973992894e-02, -2.3774208003465407e-02,
       3.4630309466328606e-02, -1.1826431242821183e-02,
       8.5865654784581542e-03, -1.0201390576929913e-02,
       -2.3810324797922590e-02, -2.2016707077795149e-02,
       -1.2046259502962578e-02, -7.5841575440188666e-03,
       1.4275839735687730e-03, -3.1728408046769935e-02,
       -2.3777692741623422e-02, -1.8094686195066247e-02,
       -4.2966721619694635e-02, -1.2561401551200748e-02,
       5.1333336443447994e-02, -1.9790198677510192e-02,
       3.3556743754985574e-02, -1.3611327952656209e-03,
       -1.5303527482955142e-02, -2.7381071706784922e-02,
       7.3320938629812971e-03, 4.8394415253917482e-03,
       4.0480873836804723e-02, 7.8466630843969393e-03,
       1.3682058794373982e-02, 3.2129077962263421e-02,
       -1.5148879446207499e-02, -1.0521417183126009e-02,
       -3.4692540823457511e-02, 1.4015664136772354e-02,
       -8.1114764531730957e-03, -9.8177482906831124e-03,
       -1.8716709467631369e-02, -2.7685226888280741e-02,
       -3.1471090779638403e-02, -1.8036141131060546e-02,
       6.1879474358126824e-02, 3.4489844022174088e-02,
       -7.2001504120735938e-03, 5.0320876291160846e-02,
       -3.1300638214841379e-02, -2.2937204879881965e-02,
       7.7613529383640564e-02, 2.9119609305810843e-02,
       5.4455801741241663e-02, 2.5555971394221836e-02,
       1.7730714196855929e-02, 5.3928785546013529e-04,
       -3.9704018261116990e-02, -1.5981983418152098e-02,
       2.3078139195930290e-02, -1.4529625313405901e-02,
       -2.2725005481342299e-02, -1.8045634048507963e-02,
       -2.6337999971353488e-02, 2.6042259798908604e-02,
       1.7674336257858917e-02, -2.2863203032282741e-02,
       -1.7750755108915536e-02, -3.9350910120305518e-02,
       -2.3246960896341651e-02, -6.1149682023170339e-03,
       1.4911423861474690e-02, -2.8277768492442235e-02,
       -2.5400715933354738e-02, -3.6940729427370242e-02,
       -4.3356490279386393e-02, -4.1030250306709495e-02,
       -1.0909802241591632e-02, -3.1862763291648201e-02,
       -6.8432224278478834e-03, -2.2762670274377620e-02,
       3.0976401808900399e-02, -1.0157308407953938e-02,
       -2.4785805970490290e-02, 2.0724922100952513e-02,
       1.0397122735065524e-02, -1.1261543348868931e-02,
       2.9967785937473272e-03, 9.3137519859392386e-03,
       3.5234423338908617e-02, 6.9841142510274845e-02,
       2.0516380180674979e-02, -2.1908069766229280e-02,
       -3.0346827065967894e-02, 5.1660499492652473e-02,
       3.5156215616483927e-03, -2.7329270387516237e-02,
       -1.1731533083368648e-02, 1.3506821438601057e-02,
       4.2908207485022106e-03, 3.0096556407495964e-02,
       3.5951417700411908e-02, -4.1205265059848428e-03,
       -2.2375955359622366e-02, -3.6023901181199110e-03,
       9.5995084562542111e-03, 7.1588942346979267e-03,
       3.0633744433728509e-02, -2.0686559141049467e-02,
       -2.2182700779511823e-02, -1.8072268447148522e-02,
       -2.4581076143541068e-02, -3.5243851455388386e-02,
       -2.1312915243751944e-02, -1.7475410993949413e-02,
       -2.6764024839008395e-02, -5.4984948185292527e-03,
       -3.2154335684549243e-02, 1.0099484562652115e-02,
       -1.7578978132897195e-02, 6.9327862563404355e-02,
       -2.4622509305632655e-02, 5.2813675501513280e-02,
       6.6344588591770268e-02, -1.2638639081932255e-02,
       -2.3449261094414385e-02, 5.2530865816673884e-02,
       6.4513806031410818e-03, -1.6856866291001842e-02,
       -2.2686157610288086e-02, -5.9192885318168544e-03,
       -2.0119295428213814e-02, -2.7057843061351929e-02,
       -1.6462394292818879e-02, 1.0755240710167362e-02,
       2.9849718976179716e-03, -1.3968262693129717e-02,
       -9.0818744908190713e-03, -1.5909265441080823e-02,
       -2.5374865710898614e-02, -4.7429912293962739e-03,
       2.3766676834712602e-02, -2.2810126870448574e-02,
       -2.6401405745628069e-02, -2.4971167289741553e-02,
       -2.6617147119740985e-02, -1.0548599060660042e-02,
       9.9108538879474593e-03, -1.9777585463295912e-02,
       -1.4920896539180484e-02, -2.3169320220676692e-02,
       1.0266515073636635e-02, 1.8497448051943096e-04,
       -2.6391697771554649e-02, -4.4780552166514588e-03,
       -2.6610494614593572e-03, -7.1715062411378296e-04,
       -3.9197797899580460e-03, 5.2691487924831186e-02,
       1.0382147856725671e-02, -9.3924467277737948e-04,
       -2.1413294601220309e-02, -2.2422357225186929e-02,
       -1.3063814722926951e-03, 9.8974400039331667e-03,
       -2.1575847360148878e-02, 4.8242639213787207e-02,
       -2.4864685776935708e-02, -1.9212676856409126e-02,
       -1.8093922748677486e-02, -1.1344446177575332e-02,
       -8.5252217932036516e-03, 1.3643976640959638e-03,
       -1.0373597825647514e-02, -1.3034126009229043e-02,
       -1.0403499504390330e-02, -5.3959424442603411e-03,
       1.7093039881240266e-02, 7.7500789655447714e-03,
       -1.5772991170092305e-02, -2.0884585889793583e-02,
       -2.2728186751143339e-02, 1.0106485589205960e-02,
       -1.1967871942054361e-02, -2.3231129212730912e-03,
       -2.4883954985345531e-03, 6.3410741081083924e-03,
       -3.3852609446702285e-03, 4.7876964582475978e-02,
       -1.5196070798671305e-02, 9.0966549826875919e-03,
       -8.2384426074642251e-03, 5.8227874971373715e-03,
       -6.3852561090111410e-03, 8.4338805201943767e-03,
       -1.4816507146470561e-02, -2.5201643049424474e-02,
       -2.2384450208769079e-02, -1.2165843054453276e-02,
       -5.7609359578175076e-03, -1.6503020148765701e-02,
       -1.1569882455284402e-02, -2.3697916217940040e-02,
       -2.7820618452485017e-02, -1.3447106534002155e-02,
       -1.1819441661508287e-02, -2.5718096108820615e-02,
       -5.3588588230394354e-03, 5.7937430587568740e-03,
       1.0688846444107208e-02, -1.1395999133722877e-02,
       3.4209955363815811e-03, 3.8361553920606035e-02,
       2.3950204290748237e-02, -9.5088650174839136e-03,
       -1.3876495375211687e-02, -1.9915318934956801e-02,
       -2.2269390559902635e-02, 6.4637112269700162e-02,
       -2.7617560678305070e-05, 1.3163007811753554e-02,
       1.3529967084139973e-02, 7.9189646214453194e-02,
       7.3271538324540687e-03, 7.1179772522266442e-03,
       -1.3145066471086063e-02, 1.3483947757203511e-02,
       -1.6226168554232125e-02, -2.6608274377024774e-02,
       9.8981542920601531e-03, -1.2432860051777980e-02,
       -3.2375056449070946e-03, -2.0645500726940606e-02,
       -2.4612857249231943e-02, -1.2608471247623659e-02,
       2.9595363113105776e-03, 4.7662271604420089e-02,
       5.3858420429857320e-02, -7.3520077976473551e-04,
       -2.8723956824856196e-02, -7.5324698634946880e-03,
       5.4158847371314663e-02, -1.4585601742781139e-02,
       3.5307644879578028e-02, 2.3853806292479636e-02,
       3.8694644162194806e-02, 1.7288789759917218e-02,
       8.6051567799684016e-03, 1.1620405748098899e-02,
       -2.2746653403245061e-02, 1.7492099323354819e-02,
       1.6804319225421579e-04, -2.4443530173378525e-02,
       1.7439103921322058e-02, 3.2312172937951650e-03,
       -1.2206548696857517e-02, -2.6165334637282489e-02,
       -3.0995123292500724e-02, 6.8569452312419760e-02,
       -1.4838178030652431e-02, -1.4702369842144156e-02,
       -1.5897607670407571e-02, -6.4366095582983496e-03,
       2.7778931335438031e-02, -1.5864852938476739e-02,
