%YAML:1.0
M: !!opencv-matrix
   rows: 62
   cols: 62
   dt: d
   data: [ 0., 0., 0., 0., 0., 0., 8.2176027013833336e-02,
       5.7606590628616304e-02, 0., 0., 0., 0., 0., 0.,
       8.5856181294388809e-02, 0., 0., 0., 0., 0., 0., 0.,
       3.1807824452417893e-02, 0., 3.1807824452417893e-02,
       3.1807824452417893e-02, 4.2925851600868044e-02, 0., 0., 0., 0.,
       0., 3.0008618428025290e-02, 0., 0., 0., 0., 0., 0., 0., 0., 0.,
       0., 0., 0., 0., 0., 0., 0., 0., 0., 2.8878162908921819e-02, 0.,
       0., 0., 0., 0., 0., 0., 0., 0., 0., 6.3101605057717947e-02,
       2.9327077879522691e-02, 0., 0., 8.3745366705233637e-02,
       2.4567984596582819e-02, 3.6287128238036759e-02,
       7.0389927483396370e-02, 0., 0., 7.6320724634149489e-02,
       2.0112735118235192e-01, 3.3326224863093966e-02,
       2.1588989774311920e-02, 2.0085801413789156e-01,
       7.8531474295105125e-02, 1.8845913308208492e-01,
       2.7490327945483289e-01, 0., 2.3462333869428253e-02,
       5.1851167019774019e-02, 2.2300653683589022e-02,
       5.0493351353544075e-02, 2.3551625208340275e-02,
       8.9216868491992757e-02, 2.4567984596582819e-02,
       8.7326433913258852e-02, 2.4517212236780293e-02,
       2.2442232396844418e-02, 0., 1.7708125475891795e-01,
       8.1536804999882501e-02, 1.0833524745055692e-01,
       1.5255094654347906e-01, 7.4347856336697049e-02,
       1.9002613911078003e-01, 1.3927694248506828e-01,
       1.8628652120812567e-01, 1.6311917219897212e-01,
       1.8275072112748658e-01, 2.3451258024010876e-02,
       5.7629080197692015e-02, 0., 3.3326224863093966e-02, 0., 0., 0.,
       2.4517212236780293e-02, 0., 0., 2.2147703884464597e-02,
       2.8878162908921819e-02, 7.2604107457006906e-02,
       2.4673131170642192e-02, 1.2522535089977885e-01,
       9.9360834549010804e-02, 0., 0., 2.4404994611883210e-02, 0.,
       2.4684784097172997e-02, 0., 1.7257970654275032e-01,
       4.3144926635687579e-02, 8.6289853271375158e-02,
       1.7257970654275032e-01, 7.0428109058878779e-02,
       6.8879842434586350e-02, 6.8742605584160787e-01,
       4.7306640557283341e-01, 4.3144926635687579e-02, 0., 0.,
       2.2812889103047709e-02, 1.1961607813446912e-01, 0.,
       6.1530195840659538e-02, 1.1769535749388933e-01,
       1.5082086852363044e-01, 1.0233588652812117e-01,
       4.3144926635687579e-02, 1.0975218714080343e-01,
       7.0428109058878779e-02, 2.5734915798898771e-02,
       1.1097463736854815e-01, 8.6289853271375158e-02,
       4.3144926635687579e-02, 8.6289853271375158e-02,
       1.1961607813446912e-01, 4.3144926635687579e-02, 0.,
       4.3144926635687579e-02, 8.1530883820965488e-02,
       9.0468321695310230e-02, 3.2394348150048102e-01,
       3.0257538876625434e-01, 7.5597021985860199e-02,
       8.3845760737072533e-02, 5.4268611761726891e-02,
       1.3968205356790106e-01, 2.8562262898210088e-02,
       8.9374028740084960e-02, 4.3144926635687579e-02,
       4.3144926635687579e-02, 1.2943477990706273e-01,
       3.3326224863093966e-02, 0., 8.6289853271375158e-02,
       4.3144926635687579e-02, 8.6289853271375158e-02,
       8.6289853271375158e-02, 8.6289853271375158e-02,
       6.8198473830442408e-01, 5.9988614490804570e-01,
       2.6497905445914693e-02, 6.8317936809306534e-02,
       2.8905740094189190e-02, 6.2780619274897365e-02, 0.,
       8.6289853271375158e-02, 0., 0., 9.3564626531759343e-02,
       8.6289853271375158e-02, 0., 0., 0., 0., 0., 0.,
       1.9245078972175217e-01, 1.0120029328230365e-01, 0., 0., 0., 0.,
       0., 0., 0., 0., 0., 0., 0., 0., 0., 0., 0., 0., 0., 0., 0., 0.,
       0., 0., 0., 0., 0., 1.0806646510321098e-01, 0., 0., 0., 0., 0.,
       0., 0., 0., 0., 0., 0., 0., 0., 0., 0., 0.,
       4.8112697430438042e-02, 4.8112697430438042e-02, 0., 0., 0., 0.,
       0., 0., 0., 0., 0., 0., 2.0503030026277327e-01,
       1.1337838301590630e-01, 8.6289853271375158e-02,
       2.1348608504344638e-01, 4.3144926635687579e-02,
       6.7712911232270398e-02, 1.1578216478384870e-01,
       2.0799805843594335e-01, 4.3144926635687579e-02, 0.,
       4.7733930070405178e-01, 4.4078567286952436e-01,
       1.1961607813446912e-01, 6.2495368275007956e-02,
       2.8474663664180222e-01, 1.9714679085473938e-01,
       4.8718273735080220e-01, 4.7964080746880294e-01,
       4.3144926635687579e-02, 8.6289853271375158e-02,
       6.7712911232270398e-02, 2.2300653683589022e-02,
       8.6289853271375158e-02, 1.0984147847971543e-01,
       1.6097902952825902e-01, 1.3947507226853667e-01,
       1.4894315601399183e-01, 8.4051305136383619e-02, 0.,
       4.3144926635687579e-02, 3.9583169418991460e-01,
       3.6843674435529594e-01, 2.6376511554298504e-01,
       3.6745509673504412e-01, 4.4055295304764791e-01,
       5.1156197831741546e-01, 6.9404902519475109e-01,
       4.7461366141588329e-01, 3.5591889081057110e-01,
       3.6745459502732614e-01, 4.3144926635687579e-02,
       4.3144926635687579e-02, 1.2943477990706273e-01,
       3.3326224863093966e-02, 0., 8.6289853271375158e-02,
       4.3144926635687579e-02, 8.6289853271375158e-02,
       8.6289853271375158e-02, 8.6289853271375158e-02,
       1.1591664052054890e-01, 7.1484758648609717e-02,
       2.1588989774311920e-02, 6.8317936809306534e-02,
       2.8804109163956626e-01, 2.8454472768367561e-01, 0.,
       8.6289853271375158e-02, 0., 0., 6.4733916409999495e-02,
       1.0787884304568708e-01, 1.1315312540520019e+00,
       1.1121082736272829e+00, 1.0890056472409733e+00,
       1.0174042094355107e+00, 1.3283131132615389e+00,
       1.4489793680387955e+00, 1.3028450519850499e+00,
       1.5427817125215861e+00, 1.1335565175742888e+00,
       1.2462638196415750e+00, 1.5651586080378199e+00,
       1.3944206450085157e+00, 7.6737700535323505e-01,
       7.6657019461415543e-01, 1.2655899517142739e+00,
       1.6062944549317382e+00, 1.2370256194283820e+00,
       1.4302443130421616e+00, 8.9208241750031991e-01,
       9.3619792617608777e-01, 1.5745445171525707e+00,
       1.5284414319644255e+00, 1.1485028283293524e+00,
       1.2439992589064173e+00, 1.1565815417429746e+00,
       1.4168129785493431e+00, 1.1440366227455170e+00,
       1.5318529898664208e+00, 1.0159218183644230e+00,
       8.8324232655954671e-01, 1.6595698902692886e+00,
       1.6890031657530791e+00, 1.9997455113053397e+00,
       1.8455765548499001e+00, 1.3926207187203410e+00,
       1.2933457857553301e+00, 1.5001563536034421e+00,
       1.6967728578357837e+00, 8.8238919257735715e-01,
       1.1600881322342980e+00, 1.2455551318150202e+00,
       1.2280778065065570e+00, 1.4085820685758337e+00,
       1.2889312625526981e+00, 1.1403131044438384e+00,
       1.1617629435804024e+00, 1.0999761265128087e+00,
       1.1806464590051911e+00, 1.0906245169330770e+00,
       1.4975535819036245e+00, 1.7154554357257528e+00,
       1.4960329633139013e+00, 1.4690945401841002e+00,
       1.3485393990932844e+00, 1.1694271560339654e-01,
       1.3170519875528974e-01, 1.4480092389644275e+00,
       1.4063213271932797e+00, 1.0709425558911185e+00,
       1.1950186105963434e+00, 1.5857614960921034e+00,
       1.3362425613128128e+00, 4.1876523134511745e-01,
       5.7809278630702843e-01, 6.6729352060063563e-01,
       4.6929580020471334e-01, 5.7389459420913380e-01,
       8.0360599791890097e-01, 1.1001819088514020e+00,
       1.1356806576074747e+00, 4.2742805287440788e-01,
       6.0247136490995445e-01, 9.9651318039425152e-01,
       6.9500730793895771e-01, 3.0586311928479620e-01,
       4.9339275124763687e-01, 7.9868027201226011e-01,
       1.0335343408693618e+00, 1.1443757874322211e+00,
       9.2045058154673376e-01, 7.1437552970945739e-01,
       2.4561270771021010e-01, 7.7724984841801248e-01,
       6.6438401821900861e-01, 6.6009284564254234e-01,
       6.0530907437450199e-01, 7.7580472130607825e-01,
       5.4937365233945379e-01, 3.3001592115047124e-01,
       9.3791170819731207e-01, 5.9648197530858638e-01,
       3.2668151534177503e-01, 8.9881414796558146e-01,
       1.0752708950397403e+00, 8.7622427031895656e-01,
