%YAML:1.0
bias: 1.5483393213490841e+00
beta1: 7.6483977322922414e-01
beta2: 3.7147882531075944e+00
width: 6
height: 6
orientation: 31
data: !!opencv-matrix
   rows: 1116
   cols: 1
   dt: d
   data: [ 4.2511615132103213e-02, 2.8905846207492120e-02,
       2.7915299822521555e-02, -1.9306683367928026e-02,
       8.3115031668618781e-04, -7.1325294684703531e-03,
       4.3043137327067264e-02, 3.9769151702535359e-02,
       1.1704819377092350e-02, -2.0642127803826127e-02,
       -3.6877089185684754e-02, -3.6860781802694274e-02,
       3.2002121006878215e-02, -3.1225027447608165e-02,
       5.5715886720803277e-03, -4.1754153385579834e-02,
       -2.5968504041950322e-02, 2.0120708159475746e-02,
       2.3229856208637767e-02, -3.7936099037492260e-02,
       -1.5681014669419079e-02, -2.7836390784632278e-02,
       -4.8581594665499843e-03, -3.7898737102748652e-02,
       -3.9532067943249059e-02, -3.5995541684185860e-02,
       7.2670990898661275e-02, 2.9551320049352788e-02,
       1.2578568380241722e-02, -3.3164678355647452e-02,
       -3.4096069767207318e-02, -1.0609748119913109e-02,
       5.9090838240795068e-03, -4.8038912052363880e-03,
       -1.8412139978898196e-02, -1.3244922164817118e-02,
       4.4007663688480428e-02, 3.1560755230555314e-02,
       4.4899401989656758e-02, 5.0167046359082632e-02,
       2.4237018293444865e-02, -1.9977532849181315e-02,
       1.9415146543982943e-02, 6.5140745145409644e-03,
       1.0593070890167840e-02, 5.4771689270627869e-03,
       -3.5366757638770993e-02, -2.6603130920902471e-02,
       -3.4322830450808715e-02, -3.7800486136647965e-02,
       -2.8509647669547993e-02, -4.6876670207305106e-02,
       -1.9388074587607287e-02, 1.0672892491865589e-03,
       -2.3513125681189701e-02, -9.1107106883476542e-03,
       -3.0687213635992132e-02, -2.7196373071898323e-02,
       -1.9806462331488958e-02, 2.2066566958932173e-02,
       -3.3342162932138791e-02, -3.7532364683640677e-02,
       6.2889035467602439e-02, 5.6711125577717729e-02,
       4.8868837807517301e-02, -1.4621669275122290e-02,
       -3.4124282224730969e-02, 2.3611412029854631e-02,
       2.4995177199376824e-02, -2.1225260471778404e-02,
       -6.6324791707147272e-03, -2.3371672506211711e-02,
       -8.2279354511652792e-03, -1.4439451426203261e-02,
       -1.8082774656193828e-02, 3.4887737043091713e-02,
       8.8300474930042578e-03, -2.1081048274898167e-03,
       -2.3755973441283822e-02, 8.4351827595219031e-03,
       -6.4824481942666419e-03, 9.0553324016723856e-04,
       -2.0106895490315080e-02, -2.0473101856760146e-02,
       -2.2057920086728282e-02, -2.5194480048539900e-02,
       -1.3843902793900860e-02, -1.5066391597029792e-02,
       -1.2984950232691972e-02, 1.0147360004434036e-03,
       -2.5731296071495602e-02, 3.1914112121068157e-02,
       -8.0298974330771308e-03, -1.8074015503630018e-02,
       -2.7780491875346782e-02, 7.0782058416432661e-02,
       -2.8496308743005242e-02, -1.0374467221266975e-02,
       -2.3586264751081359e-03, 2.3052252512281272e-02,
       -3.0226966790293932e-02, -2.0010179145496122e-02,
       -4.6049644450492089e-03, 6.0839857944509895e-03,
       6.9214669987440539e-03, -2.1447818012756553e-02,
       -1.6528343624319462e-02, -2.6970697279314625e-02,
       -3.8695546642834085e-03, -1.8696365913481609e-02,
       -9.3122829310404200e-04, 9.8622142644325464e-04,
       6.5305055043475904e-04, -8.8557260826625968e-03,
       -1.6132122987268807e-02, -7.8804661063755811e-03,
       4.2259487028025039e-03, 2.0335475725438458e-03,
       -7.4977593785792458e-03, -1.8059879771793748e-02,
       -2.1128827026120310e-02, -1.0316405383622390e-02,
       -1.4566528972901624e-02, -1.2024521376903099e-02,
       6.4655457139523240e-03, -7.9730940799074557e-03,
       -1.7067523445556711e-02, 3.4802872285078078e-02,
       -8.9692822246767705e-04, 1.7752541683838767e-03,
       -1.6051831387202981e-02, 6.8776091166940584e-02,
       -8.3018888078675024e-03, 2.3244107217580126e-03,
       1.0224163406613980e-02, 7.5833931770142790e-02,
       -2.2196802560202497e-02, 3.2072408826576214e-02,
       -1.8982016372357611e-02, -4.6498331594041053e-04,
       1.4366107619700849e-02, -1.9724988954457512e-02,
       -1.6666303855041878e-02, -7.5209448963306511e-03,
       -1.1432567134751562e-02, -2.7024168605780819e-03,
       -5.9277880085985470e-03, 1.6841327682065102e-03,
       2.3982377542181077e-02, 4.7449733162436239e-02,
       -1.3877363454247751e-02, 8.2005696151708982e-03,
       2.0132799070223792e-02, 3.9648582115858859e-03,
       5.8741364937553130e-03, 2.7159817604109134e-02,
       -5.4248523202787922e-03, 1.2774184534856362e-02,
       -3.4500381610317078e-03, -4.6778721432979530e-03,
       7.8643840804668193e-04, -3.2395495217244642e-02,
       -1.6889772012411791e-02, 3.5579184731994937e-02,
       2.2683790562426441e-02, -1.0519436672932930e-02,
       2.1630867690124182e-02, 2.2186647451482654e-02,
       1.2504424571916256e-02, -6.0656317786305473e-03,
       -1.7032265004291402e-02, -1.0576630432937785e-02,
       2.2619076344864569e-02, 7.0120100640883101e-02,
       -1.3255682595474012e-02, 5.7191679562383808e-03,
       -1.9203095511538083e-02, -2.4436275213417964e-03,
       -2.4545965950877454e-03, -3.0745078875209129e-02,
       -1.0000703277109668e-02, -1.6290150858230358e-02,
       1.6090649934909166e-03, 2.9849216944154329e-03,
       6.8704095363315731e-02, -3.2605246257021540e-03,
       9.6181665633956678e-05, 1.7896398954616539e-02,
       1.4815257544309596e-03, 1.3897790761529406e-03,
       -3.7569376624224833e-04, -1.3116659285379452e-02,
       7.5428557876579903e-03, 1.0276882839612806e-02,
       -5.8010757010064761e-03, -4.8664570723018497e-03,
       -1.5128437381553941e-02, -2.9470602487363773e-02,
       -3.1517035599716504e-02, -9.2627863030795496e-03,
       1.5905965602341331e-03, -1.7533721885030450e-02,
       -2.6171892394830178e-02, -2.2008244262110049e-02,
       -3.2433748513979677e-02, -1.1442699708172813e-02,
       2.5641778706989873e-02, 5.3525404734999955e-04,
       7.2612658533132118e-02, 7.7750846578331922e-02,
       -1.0943550365243852e-02, 2.3073554101485899e-02,
       8.0605953607073177e-02, -1.8998151904517604e-02,
       3.2448103640164719e-02, 7.9704885877001572e-02,
       -3.5352012416449349e-03, -1.0206417200187431e-02,
       -1.4414170150186652e-02, -2.1624809985156181e-02,
       5.4548838512418103e-03, 6.4817385181465334e-03,
       -1.1627042632933869e-02, -1.0890956350117404e-02,
       1.4213934677082995e-02, -1.2193985924506014e-02,
       -1.3570690603618804e-02, 3.1221978639525954e-03,
       -4.5370420178164998e-03, 2.0746439794000109e-03,
       -1.9988061111541135e-02, -2.3580006761519681e-02,
       -2.1558413540459620e-02, -1.8269977546555714e-02,
       2.0588101890301271e-02, -7.1960983325019840e-04,
       -1.0654563563908172e-02, -2.0451451563864784e-02,
       -1.9002199729736182e-02, -1.8431278136637908e-02,
       -1.5765577465472237e-02, 2.0168755106645356e-02,
       6.0046770273215868e-03, -2.4778690144053147e-02,
       -2.7001203595601146e-02, -1.4924062716466176e-02,
       -1.6945055831352213e-02, 2.9900114052597640e-02,
       3.4981175034586975e-02, -2.3306194912347117e-02,
       -2.3260755338428959e-02, 1.7444760272102540e-03,
       9.4044973192632889e-04, 8.1139435076802071e-03,
       3.1872415548058204e-02, 1.6415277289934551e-02,
       1.6791414069400767e-02, 2.2133420959258854e-02,
       -2.0129931624540246e-02, -2.8476233811931258e-02,
       5.7166186775407333e-03, -5.1879095304578036e-03,
       -3.9423352984020860e-03, 2.6580297927999291e-04,
       -3.2621839146589390e-03, -1.4488199447134417e-03,
       -3.1971002192273945e-02, -7.1209163435101827e-03,
       -8.2047210122109943e-03, -1.0326592786270201e-02,
       2.6991629645555078e-02, -1.3024090151592707e-02,
       -1.6753249185600741e-02, -1.8152696946587988e-02,
       -1.0848532259080515e-02, -1.2429021578165755e-02,
