%YAML:1.0
bias: 1.5204693666454139e+00
beta1: -2.3103261966219484e+00
beta2: 6.0893675321400595e-02
width: 6
height: 6
orientation: 31
data: !!opencv-matrix
   rows: 1116
   cols: 1
   dt: d
   data: [ 2.9708905540996186e-02, -4.0962919549519415e-03,
       2.1161038946808437e-02, 5.1905847673407793e-02,
       3.4311590122564954e-02, -2.1258552825855887e-02,
       3.8011682264059127e-02, 4.2256991635063537e-02,
       5.5518306131189910e-02, 1.6314910755683636e-02,
       1.9683525012843071e-03, 2.1037607335725995e-02,
       -3.4611780820851631e-02, -3.7848205682087424e-02,
       -3.8195965037977543e-02, -3.9322616508289901e-02,
       -1.5100515721805639e-03, -2.9332832576941595e-02,
       -4.5777325413615996e-02, 2.3296236354555227e-02,
       -2.9284684961246012e-02, 3.5837528863852585e-03,
       -1.7255970557675398e-02, -2.9560695925209553e-02,
       -1.3637674092247937e-02, 1.6839507545492145e-02,
       -1.6053689223953456e-02, 3.6297050114682738e-03,
       -2.3483473007967236e-02, -2.7087982664318645e-02,
       2.4716812583770818e-03, 5.2707900348889544e-02,
       6.7103518211009301e-03, -2.0225224437847637e-02,
       -2.0245421891942880e-02, 8.3196820600427287e-04,
       -2.7847024701871413e-02, -3.2089159350825930e-02,
       5.7262995265152253e-03, 5.5615101266172591e-02,
       1.3905223772468479e-02, -3.1925397462368138e-02,
       -2.4912726031634986e-02, 2.0006837172892436e-02,
       5.9373594396514739e-02, 5.3571944298195603e-02,
       -1.9603849171317689e-02, -2.6229666506874191e-02,
       -1.9173088555578061e-02, -1.6844742297892887e-02,
       -1.3996533742092311e-02, -1.6006010338529785e-02,
       2.5590774358482053e-02, 1.8069103110730653e-02,
       -2.0645632149207786e-02, 4.7922681958645526e-03,
       -3.1533627260372142e-02, -1.0431182263242057e-02,
       -9.0321937688780767e-03, 7.4783880620889850e-02,
       -1.8077009503324915e-02, -1.1036265193664397e-02,
       -2.5164273586497060e-02, -1.7579065999689197e-02,
       -1.9102155729487362e-02, 2.0818817169670864e-02,
       -2.1849732157847249e-02, -7.8080018594155563e-03,
       1.9189712411168944e-02, -3.4417304478886822e-02,
       -2.3573216759448278e-04, 8.6660009692185402e-02,
       -2.7084418729931680e-02, -6.5659267435258161e-03,
       1.9666048578384594e-03, 2.8618024669663247e-02,
       1.2169864781202979e-03, 2.1792222736740252e-02,
       -1.5474139525907768e-02, -2.2695354814336110e-02,
       -7.2882046726692228e-03, 2.1601430344742257e-02,
       3.0057384990376918e-03, 3.1473358715474319e-02,
       -1.1390318667187363e-02, -1.3137332986499752e-02,
       -1.2149963720981824e-02, -1.6777305641616155e-03,
       -2.8388462054818042e-03, -9.5292293128952099e-03,
       1.7419674711185995e-03, 1.3358128042798342e-02,
       -2.1029162259246215e-02, -6.0792597695974084e-03,
       -7.8834657506195224e-03, -1.0107762030293486e-02,
       -5.9055305607978118e-03, -3.9488309270125279e-03,
       -1.3010819711546530e-02, 1.5759438514430131e-02,
       6.1448981899781853e-04, -6.4561371822379216e-03,
       -1.7291349706073749e-02, -1.1812051864879314e-02,
       3.0467593925754433e-02, -1.2948272156432343e-02,
       -5.0183200404832961e-03, 2.6219879930835813e-02,
       -7.8747308332276621e-03, -1.7273284895932104e-03,
       3.8272440455188583e-03, -3.5588941400055319e-03,
       -6.9886352928312636e-03, -1.9263714977009683e-02,
       -1.0671880626749071e-03, 1.0259208691129651e-02,
       5.3548191460720922e-02, 1.4381077584837532e-02,
       9.1116533504581251e-04, -1.3059226397904180e-02,
       -1.6924672297967330e-02, 6.7189656382888041e-03,
       5.7938382664936231e-03, -5.5734650690069040e-03,
       -2.0854147976398861e-02, 3.1973118850217950e-03,
       -2.1300393791850482e-02, -2.1242700080865040e-02,
       -1.2327418314200604e-02, -7.3638800328300908e-03,
       -7.8935232599602993e-03, -5.7727701329431417e-03,
       -2.8528473880681804e-03, -1.4209378027117036e-02,
       -7.2003721624951389e-03, 2.1375200815242981e-03,
       1.6698693060874639e-02, -1.7152715007280550e-02,
       -2.2945294335445517e-02, -1.0503417221457312e-02,
       1.8256488753192510e-02, -1.2063467428862450e-02,
       -1.6367818977922839e-02, 1.5891525216136151e-03,
       -1.8562068165201367e-02, -1.2789639269379711e-02,
       -7.3083711978615285e-03, -1.5931194831307356e-02,
       1.4628786971124491e-02, -2.9678369930104124e-03,
       -3.2359301246958749e-03, -1.0184619238855573e-02,
       2.0113272656376191e-02, 6.9806148267890587e-03,
       2.6135393995882394e-02, 1.6627978808769752e-03,
       9.1630931142092399e-03, -1.0365498420823301e-02,
       -1.7166929978404931e-04, -4.5448685222890250e-04,
       2.1743962999037723e-03, 9.3849233996709056e-03,
       8.5265987023624243e-02, -2.3885310179222283e-02,
       -1.5389025568188650e-02, -9.6210727854380684e-03,
       -7.2167734718744710e-03, -2.7260532898282452e-02,
       6.5991235703804205e-02, -1.5733038367109268e-02,
       -1.1955497748779201e-02, 1.1029499076130265e-02,
       1.9469789809892446e-02, -7.8850568432321071e-03,
       -2.3617525050458797e-02, -1.5639401450930186e-02,
       -8.1525818537154290e-04, -1.2067243153769901e-02,
       -2.1037719223969020e-02, 2.0866795014439363e-02,
       -1.4030682228684341e-03, -7.1296242254643583e-03,
       3.3978530641974244e-04, -3.5666838683549038e-03,
       9.2853096861143496e-03, -1.2966985301916738e-02,
       -7.8050326685836016e-03, -3.1997061121115077e-03,
       -6.0221087349663343e-03, -1.6965596714420501e-02,
       -1.0903950527471703e-02, -1.4220447992141661e-02,
       4.8100743586017389e-02, -1.0699969137557884e-02,
       1.0105775465822638e-02, -5.1787763345596243e-03,
       2.9104354718733662e-04, 3.1741927455991581e-03,
       8.8128621243527022e-02, -1.1916831468576153e-02,
       -1.0870512142853539e-02, -1.8446174538198253e-02,
       -1.8485958072678717e-02, -7.1575594480382211e-03,
       7.9807309389724274e-02, 1.7729382940983654e-02,
       -1.2578686645522783e-02, -2.2064457094363214e-02,
       -2.2721951254133670e-02, 6.1745141839885817e-02,
       -7.5134489923890761e-03, -1.1365016645544167e-02,
       -1.6880780707590234e-02, -6.1465588611620756e-03,
       -4.5621312147183270e-03, 6.7549705163098689e-02,
       1.4746223812129648e-02, 1.1881421413052252e-02,
       1.4353040751902812e-02, -1.6093969569919001e-02,
       1.7780851467521869e-02, -4.9335689716323936e-03,
       -1.1296251849850667e-02, -5.8005916459650930e-03,
       7.7529210053660265e-03, -6.9832351827524824e-03,
       -1.1696773168937778e-03, 2.5335105820210252e-03,
       2.7350412016917278e-02, -1.4969358548262474e-02,
       1.2413196293957988e-02, -6.6296190816490259e-03,
       -5.8291599184751696e-03, -1.0393775301581113e-02,
       4.2426771632103795e-04, -3.2009540531906772e-02,
       -1.2373233803367387e-02, 1.4257604799584201e-03,
       -1.0802507907696331e-02, -8.2919700889668227e-03,
       -3.2990055083133903e-03, -1.4623463912742704e-02,
       -1.7093535432323823e-02, -1.1790527495460813e-02,
       -2.4321473731677899e-02, -2.6701154524439507e-02,
       2.4492563255359867e-02, 3.2287626134673737e-03,
       -1.7755095769867307e-02, -2.3903690000168124e-02,
       7.3925542285142934e-03, -3.4092462679633728e-02,
       -6.4582810726018357e-03, 1.1491734101000376e-03,
       1.5910220585866320e-02, 4.9350694693447994e-02,
       1.7566964065351319e-02, 6.4833127306217694e-02,
       -1.6608074262837821e-02, -6.9077828317227127e-03,
       1.3807269661248241e-02, 2.7532467140159852e-03,
       -1.5708827164531057e-02, -2.3211348308532061e-02,
       7.7979752297924504e-02, -2.0308761215843570e-02,
       -7.2446520609984778e-04, -1.2672897822312370e-02,
       -2.6159277259066530e-03, 6.0830847065369981e-03,
       5.4631070859129860e-03, -4.8157633560383321e-02,
       -3.9826185668248009e-03, 7.6747220413670506e-02,
       -8.4547089772181432e-03, 5.8596412066383295e-02,
