%YAML:1.0
bias: 1.6364362202200757e+00
beta1: -4.0289103640321056e-01
beta2: 2.3951540233838555e+00
width: 6
height: 6
orientation: 31
data: !!opencv-matrix
   rows: 1116
   cols: 1
   dt: d
   data: [ 2.7836145556023945e-02, -4.1294400592361509e-02,
       1.6363513696530968e-02, 9.0050743587822973e-03,
       4.9391462431914800e-02, 4.0284758857834418e-02,
       -1.3624402979340172e-02, -5.1177907002064272e-03,
       3.4087809374184655e-03, -3.3644501097577634e-02,
       -1.2587702706076939e-02, -2.9414816871785304e-02,
       -2.1198595241731975e-02, -2.9572846603674763e-02,
       -2.6325462984251410e-02, -1.2710819483023736e-02,
       -2.5006236522203525e-02, -1.3016060420095907e-02,
       -1.3676114621585387e-02, -3.5111189384893250e-02,
       -3.0934080725712625e-02, 3.4155644880486677e-04,
       1.5582771413053080e-03, -2.0712209304027656e-02,
       -2.2317109487782844e-02, -1.1877959578401351e-03,
       -1.6157843190117222e-02, 1.9024953015598495e-02,
       5.9001599174237980e-02, -3.4770762413258001e-02,
       1.9591826801040890e-02, 3.1194399362909138e-02,
       -2.2857061339732657e-02, -1.3692535827808720e-02,
       -1.8755494157504229e-02, -7.8792720773628606e-03,
       4.6306376383705883e-02, -1.5730338666055846e-02,
       -1.7187093295144871e-02, 1.0455344458106001e-02,
       5.4558080375275861e-02, 1.7816501438730040e-02,
       -5.2230163624858027e-04, 3.6588898235821832e-03,
       2.1332291565100938e-02, -2.4643153851227340e-02,
       -3.2832351982714170e-02, -4.3309604405575006e-02,
       -6.1007653016932079e-03, -1.9232227672004221e-02,
       -3.0513363697832883e-02, -2.3791049990312594e-02,
       -1.0620466781450611e-02, 1.3734720405658575e-02,
       -1.6394125002995585e-02, -3.2810959035685663e-02,
       3.5465451494951427e-03, 2.6636533592463339e-02,
       -1.9003401552199733e-02, -2.6310771000963105e-02,
       -2.1044931606955308e-02, -2.2810614386896164e-02,
       -4.5981361107537196e-03, 4.9492119565691009e-02,
       6.8903982592612495e-03, -2.1981504719101926e-02,
       1.8365350656220671e-02, -2.7217286717047883e-02,
       -3.7369708023662775e-02, -1.8411127665125322e-02,
       -1.1058002183373869e-02, 3.7612853221916445e-02,
       5.3305497261365867e-02, 1.9365278142107572e-02,
       -1.9512288256888811e-02, 5.5734765053667541e-02,
       -1.6774038505641298e-02, -3.2737043450410813e-02,
       -3.2560616998654535e-02, -3.3221723644127017e-02,
       1.4525929478582226e-02, -1.0342738295629449e-02,
       -2.4752794544070818e-02, -2.8282428875858176e-02,
       -3.7149367706593078e-02, -5.6689503923726793e-03,
       -1.6411748998583983e-02, -7.1544879273182180e-03,
       -1.0820964598718239e-02, 1.7426896034600824e-03,
       -7.9311613615803689e-03, -1.7859291864436903e-02,
       2.5110849509688740e-02, 2.2070401982193351e-02,
       -2.4425047717313575e-02, -6.5028657402225586e-03,
       5.4750180831180471e-03, -1.2308167589473128e-02,
       1.2907668687784632e-02, 6.5592225228360446e-02,
       -4.3111508137450349e-02, -2.4887387679967815e-02,
       -1.5110504405474722e-02, 1.2025515463238073e-02,
       -1.8574132281953655e-02, -3.0078025322684804e-02,
       -2.4867918339588416e-02, -2.9202499014397101e-02,
       -1.8765619265469401e-02, 1.7868989140624909e-02,
       2.5218939351596092e-02, 3.6131321151145090e-02,
       -3.0158878539837827e-02, -2.5964209919996744e-02,
       -6.1473649678296929e-03, -6.0179918210203189e-03,
       1.7623104432788576e-02, -4.9592279098460736e-03,
       3.0164007003131328e-03, -2.0297976301514923e-02,
       -1.2277484366125082e-03, -4.2356571473566628e-03,
       -1.7072590643184428e-02, 1.3585556722927610e-03,
       2.4298419452337107e-02, -1.5864944950283552e-02,
       -2.3770703425031844e-02, -1.7808386348055965e-02,
       -1.4024801634487834e-03, 1.9996149330243532e-02,
       -2.8511439480069542e-03, -3.0432467828994510e-02,
       4.2003449026433220e-03, -4.4360337645347444e-03,
       -1.3234005135484743e-02, -1.3870729826184728e-02,
       -2.3733618502123958e-02, -2.3505137266795761e-02,
       -2.5917571979021937e-02, 8.9090744911118572e-03,
       2.0906766998816564e-02, 1.0053567216469370e-02,
       -3.1842585195388941e-02, -1.8461285260456060e-02,
       -1.7672388143815675e-02, 6.9487078292803364e-03,
       1.5839841262089139e-02, 2.8217680963426306e-02,
       -3.9098921360272557e-02, -3.0965289665604204e-02,
       -1.4030922054416493e-02, -4.0575392535766031e-02,
       2.9878190263416295e-02, -3.4027476754276045e-02,
       -4.4390481176245326e-02, -3.5501108710502577e-02,
       -4.1880949273535523e-03, -5.8435371053735374e-03,
       -2.3128316917448589e-02, -4.1764005471605178e-02,
       -1.5572357793280993e-02, -3.2603401445819136e-02,
       -2.9113112356871047e-02, -2.6896318180982303e-03,
       -2.9434911506868656e-02, -2.2086329128208824e-02,
       3.8170843506516736e-03, -1.0219502203051716e-02,
       1.9907566342759368e-02, 3.9918294730458714e-02,
       5.5634110339183611e-03, -2.2840304255989624e-02,
       -2.9469699278070291e-02, 1.3722855714621467e-03,
       -3.8827548909484325e-02, 5.3446155847172515e-02,
       2.4639543617449647e-02, 3.8659420346243242e-02,
       -1.2430691992169689e-02, 1.4603122454037621e-02,
       3.6385389535418811e-03, -1.0684449146611706e-02,
       -1.0202302193533259e-02, 1.3901466541471202e-02,
       -2.1310795023041569e-02, -2.8673041157301259e-02,
       1.1107642898131549e-02, -6.6446304676175943e-03,
       -2.8327757344144777e-02, -2.4227577582950494e-04,
       9.4647039041453329e-02, -3.2476201711649152e-02,
       -5.0193088111115402e-04, 1.7542936067521765e-02,
       1.3178370468468186e-02, -2.7987546119358383e-02,
       -2.9637389528632707e-02, -3.0805982139215551e-02,
       -3.3405532118833389e-02, -2.4053074733949090e-02,
       -2.1401046858297742e-02, -9.7182090113979349e-03,
       -3.8149204059722247e-02, 5.8429836425921951e-03,
       -3.5904285684965440e-02, -9.5388415814424195e-03,
       -6.1176449033242914e-03, -3.1703450698914934e-05,
       -1.9390207752694913e-02, 7.6840560869540900e-02,
       -3.4702031674264527e-03, 2.1900250754045347e-02,
       -1.5976928876873270e-02, 3.6526553234927261e-02,
       5.6660903506736623e-02, 2.1062530820840187e-02,
       -1.3070929948742802e-02, 3.7310903497337067e-03,
       4.2535605785518947e-03, -1.7293472087564630e-02,
       1.0073229044168207e-02, -1.1338295142553096e-03,
       -1.0875937382291315e-02, -1.9055459420209891e-02,
       -2.0614995012674879e-02, -1.6895522502926731e-02,
       3.7319253153575004e-02, 5.4553238124878667e-03,
       1.7846983987109748e-02, -1.1377738851624002e-02,
       -2.4270734916613558e-02, -2.2951959825005717e-02,
       1.8644376968163380e-02, -1.5953627717277295e-02,
       -2.9922595243874216e-02, -1.1586817745270032e-03,
       -2.4926018051531679e-02, 6.7120282477317762e-03,
       5.6918437603729916e-02, 1.4999751462406346e-02,
       2.9936864260450132e-03, 3.6554690504297854e-02,
       -3.6402718666956650e-02, -1.9453533641461410e-02,
       -2.9027683079040491e-02, 3.8141497857634599e-02,
       1.5789802555227883e-02, 3.6873360423606900e-02,
       -3.1257113057751633e-02, 1.6839548468613172e-02,
       -9.7173958447760896e-03, 2.0313725173182980e-02,
       3.2792754449214728e-02, -1.0254434276058648e-02,
       -2.6275057212187689e-02, -6.9011737590923350e-03,
       8.6730814496577095e-04, -1.3866801886864866e-02,
       -1.0213787434516807e-03, -3.0572851100348370e-03,
       -1.7357458996694754e-02, -1.3498128649628455e-02,
       1.5129483160041016e-02, 3.3469738458466673e-02,
       -5.2693562951484233e-03, 8.4170574000609170e-03,
       -8.9973223593320002e-03, -2.2734355866096748e-02,
       2.6488663084371727e-02, 6.7945847897686899e-03,
       -1.5985343654934953e-02, 1.0293151670169247e-02,
       -2.8608981327228611e-02, -1.4370831931246946e-03,
       7.2764747064788818e-02, 6.2926541774330658e-02,
