%YAML:1.0
bias: 1.5162703047870567e+00
beta1: -1.2141276714300662e+00
beta2: 1.8702442856467210e+00
width: 6
height: 6
orientation: 31
data: !!opencv-matrix
   rows: 1116
   cols: 1
   dt: d
   data: [ -1.5352542239705709e-02, -3.0114858547164915e-02,
       -3.9295118359890149e-02, -2.2894559286398875e-02,
       -1.0457411681335623e-02, -2.5668120014674702e-02,
       -1.7341442722532092e-02, -3.0769279672961662e-02,
       -3.4737861730726016e-02, -4.5662302003371874e-02,
       3.2424106827592183e-02, 6.5375983705597785e-03,
       -3.3323194641347309e-02, -2.2346492586673265e-02,
       6.8960187258089748e-05, -6.1360221691900294e-02,
       -3.4375220683396997e-02, -6.7758528341080359e-03,
       -1.8760101505363745e-02, -3.1536899450142125e-02,
       -2.9209658336081572e-02, -2.9820279081231468e-02,
       -5.0079436113892116e-02, -3.3106650100397858e-02,
       5.3973209670392264e-02, 5.8851367323409294e-02,
       4.7357740907977001e-02, 4.2418737275791776e-02,
       -2.1638802318862532e-02, -2.8275930310547950e-02,
       -2.3200504794619013e-03, 3.4126126464739968e-02,
       1.5542893944186597e-02, 4.0423766831996465e-03,
       2.5858474894299800e-02, 1.3002500006829652e-02,
       -2.5315864385606082e-02, -2.8682370558698350e-02,
       -2.9668609069071726e-02, -2.7709318700565588e-03,
       -2.9693252329087987e-03, -2.7610740510725785e-03,
       -2.6883066368737895e-02, 1.4359705390510694e-02,
       -5.4474236198373176e-03, 1.7046670673665634e-02,
       3.7650866654272488e-02, -7.2049127041312767e-03,
       -3.8573230184426502e-02, 7.2283341080760219e-02,
       5.8870868239199327e-02, 3.2014112530820121e-02,
       4.0641071598679190e-02, 2.7897202982699047e-02,
       -3.5691923307262292e-02, -1.5455553024724745e-02,
       -3.5029325776314103e-02, 4.3872953239433868e-02,
       5.8235025978752332e-02, -1.9461882528673702e-02,
       -1.0373552792796576e-02, -2.9704577240434481e-02,
       2.1278892765249524e-02, 4.6471425773977768e-02,
       -1.3727016186419788e-03, -1.8411687183104711e-02,
       -3.7387346050169390e-03, 2.5249705240192266e-02,
       3.4304446801575947e-02, -2.6465417237018837e-02,
       4.9229599725378624e-02, -2.7028545886555455e-02,
       -1.9428861146942714e-02, -2.4584275823925261e-02,
       -2.4803849017301881e-02, -7.9415695017459806e-03,
       -1.7489898446793013e-02, -2.4642306890856069e-02,
       -2.5670366743908973e-02, 1.3767440534562525e-02,
       -1.1219562686578049e-02, 2.3940243654512354e-02,
       -1.4903248133914138e-02, -1.2724706517602932e-02,
       -2.8837444234207754e-02, 6.4053919995486847e-02,
       -2.4206554636911001e-02, -1.8995596844960928e-02,
       5.1070393326052482e-02, 5.8264893423755543e-02,
       -2.7166644193818614e-02, -7.3831490953338488e-03,
       -4.5767974877778402e-02, 8.0656381551530362e-03,
       2.1560544275023501e-02, 5.9103823035455312e-03,
       -2.2891069471849858e-02, -1.8065342047499832e-02,
       -1.0175019182530897e-02, -2.8349696995215272e-03,
       6.5302299873541816e-02, 3.2448416803968816e-02,
       -3.8108449392612229e-03, -1.9395108151067264e-02,
       -4.5048292167824047e-03, -1.5252704218790245e-02,
       5.0945550832320104e-03, -1.3046228019075880e-02,
       -1.7676565846503914e-02, -2.8673807619668385e-02,
       -3.4025935175095848e-02, -8.1103024728043198e-03,
       -6.0897450493328032e-03, -6.2797781132481068e-03,
       -9.3502922503865861e-03, 1.9157456491862925e-02,
       -2.3284643416278374e-02, 2.3572524645871392e-02,
       -2.5998260441024747e-03, 1.4036606273457042e-02,
       5.1593287058896112e-02, 6.2993965740738844e-02,
       -3.5030656820841270e-02, -2.2707593883329866e-02,
       -2.0868800521743790e-02, 2.2195350314140321e-02,
       -2.0806745018793753e-02, -2.3285999077467937e-02,
       -3.3792144822781492e-02, -2.3641436401250319e-04,
       -2.4833411565965628e-02, -1.5077510436221761e-03,
       -1.3993976168319223e-02, -1.0601405778696920e-03,
       -1.7180414995948884e-02, -2.4286616122233637e-02,
       -9.0645334049447631e-03, -3.6463248151589250e-03,
       2.2225886406627333e-02, 1.1042971449676892e-02,
       -3.1924483725980727e-03, -1.6218387626488480e-02,
       5.8341225224102303e-03, 2.9737867012447159e-03,
       -2.7332290483752082e-02, -1.8196151299476802e-02,
       1.6171087844186950e-02, -1.1052028762967110e-02,
       -2.7755992262692212e-02, -1.2323666344078684e-02,
       -2.1210064022794690e-02, 4.5392381881866695e-03,
       -1.1747019602850860e-02, -1.9271874509449963e-02,
       -2.7931094072703624e-02, 5.9966929636015152e-02,
       1.1415766546910958e-02, 7.4822075504178340e-03,
       -2.9997329867240415e-02, -1.7217114943855999e-02,
       -2.3082857979210829e-02, 1.8846169724914218e-02,
       4.8275021941025431e-03, 4.1363777321257240e-02,
       -1.8788242435028267e-03, 9.2656133372427799e-02,
       -9.6619453060941499e-03, -1.7100281504796359e-02,
       -1.7051391174281401e-02, 8.5744514015483487e-03,
       2.6502621107041659e-03, 1.9820223352253918e-02,
       -6.8345122189034345e-03, 1.4678755759012375e-02,
       -3.5584154650693265e-03, 5.6885290390105848e-02,
       3.4066757057634484e-02, -8.2037141933942754e-03,
       -1.1701671453541798e-02, -5.0596144033406999e-03,
       -2.7223236274231434e-02, 1.6078158493558106e-02,
       1.6920868879978707e-02, -1.3449395713717137e-02,
       -2.0129818972444005e-02, -1.3987349874987452e-02,
       -2.1916545295486697e-02, 3.6142586768636249e-02,
       1.3015465801908249e-03, -9.1074355225683502e-03,
       -1.4830660718507575e-02, 2.8803798437134848e-02,
       -4.7106745064371090e-03, 9.0161646183731133e-03,
       -2.7431420849352378e-02, -2.7791164718896672e-02,
       -1.9998758611417408e-02, -5.2516883347834605e-03,
       5.9847299519032362e-03, 7.2433022715323300e-02,
       -1.1958282793089955e-02, 1.4934660866054980e-02,
       -1.1689955230427453e-03, 6.8310029533020372e-03,
       -1.1096839208600825e-02, 2.1823062274912673e-03,
       -4.3000491402124044e-03, 1.7202961342544582e-02,
       1.2796776478634246e-02, 1.3419065644284205e-02,
       -5.4337525453680216e-03, -1.7366126294405693e-02,
       -6.1948764334999722e-03, 8.1825395311022567e-03,
       1.9207279639916523e-02, 1.6520807872695675e-03,
       -1.3629953686305108e-02, 6.0734242675345627e-02,
       1.4126908598761291e-02, -2.3409884828505992e-02,
       -8.8005952218622036e-03, 2.5019029296809547e-02,
       -2.4495535928424385e-02, 3.7190205651466662e-02,
       -8.0121643402094843e-03, 3.8438417344227253e-02,
       -6.5023568990947049e-03, 2.3822250747798944e-02,
       -9.5420209244780722e-03, -1.9170104726601758e-02,
       -2.9561899637948860e-02, 2.7977027886019971e-02,
       -5.5375245224946832e-03, -1.9207249776019768e-02,
       4.1733413901331676e-03, 2.6506165103592320e-02,
       -1.9331077566788955e-02, -1.4754498224532090e-02,
       -1.5607836104360114e-02, -8.4716077859007186e-03,
       -2.0223254538630307e-03, 1.6733153013803369e-02,
       -1.3766028451913045e-02, -4.4103964679929608e-03,
       -8.8349413404989006e-03, 1.6759846349794806e-02,
       -2.0701850002576086e-02, -1.6289894729571673e-02,
       -8.4316869610383052e-03, -5.0206203943417172e-03,
       -9.3413344522198429e-03, 5.6164194330234601e-03,
       3.1402067018315924e-02, 6.1092520585154207e-02,
       4.4403910314008199e-02, -1.5643017044519512e-02,
       1.9884663748419198e-02, 4.6610773725738255e-02,
       -1.9575426873751446e-02, 3.0386668686224992e-02,
       1.9145518029343112e-02, 5.1461933690287474e-02,
       -1.2826156384827635e-02, 2.2901234437282939e-02,
       -1.0301038431525852e-02, -1.5347891672070423e-02,
       -3.3134599203788292e-02, 7.5420143987875402e-02,
       -8.4437927122085667e-04, -2.4836087537158626e-02,
       -1.4382999908922712e-02, -1.2310289595049066e-02,
       -1.9324925463381985e-02, 7.2512799217078639e-03,
       1.0285068506045790e-02, 2.2184234217965448e-02,
