%YAML:1.0
bias: 1.4447086578332815e+00
beta1: 1.2562854450407572e+00
beta2: 4.3012539686399682e+00
width: 6
height: 6
orientation: 31
data: !!opencv-matrix
   rows: 1116
   cols: 1
   dt: d
   data: [ 2.8990734709168180e-03, 2.5374278706203172e-03,
       7.1819679644674504e-03, 1.9190685639680384e-03,
       1.5003102196844286e-02, -3.5113865238003174e-02,
       -3.2092917714241637e-02, 7.7154385695937973e-03,
       2.7609748872480374e-03, -1.7585415732248005e-02,
       4.9870272275111191e-03, -2.0706169286479087e-02,
       3.8883616186611854e-02, 4.2746868315929734e-02,
       5.7884415547069037e-04, 7.7172709248370655e-03,
       1.3539302871886656e-02, 6.7823151451359264e-03,
       -4.6786943848089336e-03, -2.7620782771881423e-02,
       -2.5776421985863922e-02, -1.4673609747826369e-02,
       4.3616421588474119e-02, 3.4112054587900147e-03,
       -2.9440515604131270e-02, -2.0062272553832614e-02,
       -8.3321012496431306e-03, -2.5835515468316798e-02,
       -8.1215570768644087e-03, -9.0124700778290816e-03,
       -4.6214859157440117e-03, -1.7234157533921324e-02,
       -1.3228144504526019e-02, -2.4016319192564108e-02,
       -1.6235101242873220e-02, -2.9298376184204313e-02,
       -1.3729668838782074e-02, 9.5351013650658133e-03,
       9.5492426994991074e-04, 4.2922189302540582e-03,
       2.0279846221275467e-02, -7.9539405336845198e-03,
       -8.5779878361243629e-03, -1.3393685101806810e-02,
       3.4170524013329082e-02, 1.0943563726285795e-02,
       -2.3101549811654399e-02, -8.2104594596281964e-04,
       6.0042430047268329e-02, 1.7240883076549789e-02,
       9.6149835228998160e-03, -1.4677807296690319e-02,
       -1.0168060358235217e-02, -1.7634702751073515e-02,
       7.1047467095945119e-04, -1.4507510993966962e-02,
       -1.3357351774965314e-02, -1.3764434561073057e-02,
       -1.8191652051457875e-02, -2.6033984290252592e-02,
       -5.3424210447185387e-03, -8.0879062919333861e-03,
       -1.2425891082170288e-02, -2.4939532807583660e-02,
       -1.4273179607609102e-02, 1.4284554152032520e-02,
       -1.9860143262313043e-02, -1.4899746000023311e-02,
       -2.3515639075483430e-02, -1.7878507893741902e-02,
       -1.5849656129571742e-02, -1.1866047864774189e-02,
       -4.9270354759716143e-03, -2.8335190179589180e-02,
       -2.0473057660478917e-02, -9.6396384425127078e-03,
       -1.8293268778040175e-02, -1.5982732054571614e-02,
       -9.2223683176670436e-03, -2.4438976097165176e-02,
       1.0923489493562479e-02, 6.3146755769284107e-02,
       -1.6206702123824059e-02, 1.5626549850513045e-03,
       6.3688821215603965e-04, -2.2114370478281343e-02,
       2.3552862910846809e-03, -5.2642815720336401e-03,
       -1.5225033207154523e-02, -1.1515615815285363e-02,
       -1.1027717650893422e-02, -1.5768328368707278e-02,
       8.2446276720899558e-03, 2.1003861489943262e-02,
       3.7437787574138631e-03, -1.3952526650557519e-02,
       -3.6383468780750603e-03, -1.4636268939181497e-02,
       -9.0592081604294779e-03, 1.2436594283744421e-03,
       -1.7286068443755281e-02, 4.3605651581286105e-02,
       -1.5136815937698009e-03, -1.4139368567224352e-02,
       -2.4178537912188037e-02, -1.4627340546992662e-02,
       -8.1826801763583961e-03, 1.7136411919119006e-03,
       3.5467520215663552e-02, -2.3410294144299952e-03,
       -1.6716941588032261e-02, -1.1386793922942976e-02,
       1.0744417237254670e-02, 1.5384546954368961e-02,
       -1.5637424076613914e-02, -1.3291902994485533e-02,
       -3.8354475241377268e-03, 3.1206026582381027e-02,
       2.8179003218539132e-02, -4.8220669610986285e-03,
       -2.8273283047178976e-02, -1.3015653422743141e-02,
       1.9203859666411111e-03, -1.6219642065102843e-02,
       -7.4837884254950193e-03, -1.9167249725674317e-02,
       1.1425633192464913e-03, -1.2903028847844901e-02,
       -2.8432161359681473e-03, 3.4181631367940876e-02,
       -1.0126345997893988e-03, -1.1655760227392419e-02,
       2.3036582888859855e-04, -1.4829014622204248e-02,
       -1.1096934348520255e-02, 4.7847986392137991e-02,
       -1.4260746753068841e-02, 5.1344454832448178e-02,
       3.7092722828801106e-02, 2.6240344267480036e-03,
       -1.7411320929701136e-02, 1.1688193297387784e-02,
       -8.7083186178829545e-03, -4.7916054423665384e-03,
       -2.4596259591166923e-03, -2.2500087787095911e-03,
       -1.2407407846370549e-02, 8.7809524217939555e-03,
       8.3142383781434522e-03, -8.0239091104407270e-03,
       -1.4194085151029994e-02, -1.1541471616304349e-02,
       3.2578590906240254e-02, 5.1305778806001755e-02,
       4.5300412957002649e-03, -3.4406948692654437e-03,
       -1.7628504362615149e-02, -8.4909042923247482e-03,
       9.5061029238259313e-03, -7.3048975819511768e-03,
       -1.3727312530063752e-02, -1.6250747232805306e-02,
       1.2582415045504430e-02, -1.2282338670965738e-02,
       -3.8440701144888314e-03, 1.3141313085887620e-02,
       -1.2501808831653853e-02, 2.7452208382182760e-02,
       -9.9383547643300246e-03, -2.8270355362794024e-02,
       -4.6928791051705603e-03, 2.7043508392827702e-02,
       -1.9978245649512359e-02, 4.8129120486062278e-02,
       -2.0176920556823436e-02, -2.1172485443898676e-02,
       -1.0974039756410784e-03, -1.2133344965751294e-02,
       -1.4509961159472000e-02, -8.5391694317898757e-03,
       -9.2400626647409362e-03, -8.3683810101179527e-03,
       -2.6353362649638272e-03, -1.2115273250532278e-02,
       2.2783882618619940e-03, -1.0103283232570204e-02,
       -1.1536669237954520e-02, -1.0995493794766198e-02,
       -2.7225951382569870e-03, 1.2632846861225220e-03,
       2.1600240613807765e-02, -2.6425895224917685e-03,
       -5.4208861102153704e-03, -1.2381523709066020e-02,
       -2.3409329052398366e-03, -3.3543516718200482e-04,
       -5.8886673003097781e-03, -4.4616940054442063e-03,
       3.4097936138572732e-02, -1.2203963731646894e-02,
       -5.1462463518325424e-03, 2.9177677062053355e-03,
       1.9919554213400529e-02, 3.9767579476562079e-02,
       8.8717131852419449e-03, -2.2601910524518268e-02,
       9.8545129967679713e-03, -1.0287258169063488e-02,
       -3.7029339596500689e-03, 7.2421879051763807e-03,
       -3.1642621281171887e-02, 3.0271498972011864e-02,
       7.3828503293561845e-02, 2.1282884522794768e-02,
       1.9698962731265878e-02, 2.8494064676690099e-02,
       -1.8098588003031043e-03, -1.6824255200210900e-03,
       2.8334377376698031e-02, 5.4066303115407013e-02,
       2.9575573868482089e-02, 8.1058345527523050e-03,
       -1.4956333179392515e-02, -1.7571165522422248e-02,
       8.9885508920966722e-03, 5.3678520458103514e-02,
       5.2625300642734707e-03, 1.6816151470074626e-02,
       -1.6060739767069711e-02, -1.8490388361493429e-02,
       -2.1136422162018106e-03, 2.3585467108003543e-03,
       -6.2320964005462137e-03, 5.9940424586759342e-02,
       1.9741764582649091e-02, -2.0519821477367948e-02,
       -6.5411270809366808e-03, 4.9016684887986939e-03,
       2.0250954008660987e-02, 3.7504427736480194e-03,
       2.6863003941094532e-02, -1.6649222018446139e-02,
       -7.4050442281643316e-03, -1.2754093447409121e-02,
       -1.9205211696161621e-02, -1.9205283706711464e-02,
       -2.9139042069493110e-02, -1.5207341024670173e-02,
       -7.1037369495425794e-03, -9.0247825292761666e-03,
       -1.1083461152335992e-02, 5.0201806535728033e-02,
       5.1376480958834174e-03, -8.2153433379520240e-03,
       9.9819610188001048e-03, 3.7234929150853281e-02,
       1.6949295065358083e-02, 1.5602040688753090e-02,
       -1.2819009252133988e-02, -1.8931840186551842e-02,
       2.3394023623289319e-02, 5.9087614645470576e-02,
       5.6307585206970285e-03, 7.8524780454639793e-03,
       -1.0749201538675781e-02, 2.8308228746336442e-02,
       -6.9056978192681886e-03, 6.4381936692044894e-02,
       6.7667119912981971e-03, 3.6353870225235542e-02,
       -2.5285814085743760e-03, 5.9689069142759101e-02,
       2.8864142127808939e-02, -2.1699033941784567e-02,
       1.5480547729337397e-02, -7.0311016553116187e-04,
