%YAML:1.0
bias: 1.5327425699934152e+00
beta1: 3.3265263048506699e-01
beta2: 3.9071749656553241e+00
width: 6
height: 6
orientation: 31
data: !!opencv-matrix
   rows: 1116
   cols: 1
   dt: d
   data: [ -3.2074995641845759e-02, -3.6178464325445858e-02,
       -3.8866963982479789e-02, -3.3725938088692335e-02,
       -2.4762862188722215e-02, -2.2739707816423482e-02,
       5.0466994790647764e-02, -5.1144365523826344e-03,
       -4.4859115336422353e-02, -2.0081980637203789e-02,
       3.5299412389943233e-02, -1.0783877344223296e-02,
       5.6979254823407460e-02, 1.9189570689318253e-03,
       -8.3267522714151210e-03, -2.0634896322679317e-02,
       5.2509709768652577e-03, 3.3521741387538141e-02,
       3.2010940980477610e-02, -1.1998152197665597e-02,
       -2.6168045119422572e-03, -1.0974446904924474e-02,
       4.1457239509082040e-02, -2.2023839651036034e-03,
       -1.5209808702440934e-02, 1.8844975357302628e-02,
       -1.0755297913016885e-02, 2.5822590121646546e-02,
       -1.5572540862855470e-02, -2.4386897752835916e-02,
       1.9823000305593088e-03, 7.1283341554646473e-03,
       2.6487079605614406e-02, 4.8622501965674712e-02,
       7.7691212292098734e-04, -2.2559920743667486e-02,
       -2.7621967869014274e-02, -2.8229929287166861e-02,
       -3.2836211738648514e-02, -1.7306627417416738e-02,
       -3.8857530863197114e-03, -1.7274400873117934e-02,
       -2.3994760828040619e-02, 1.4931777306141439e-03,
       -4.2043863842370556e-02, 1.9265834281416965e-03,
       3.1607974318135404e-02, -3.0169601144742500e-02,
       -7.6427406259727028e-03, 2.7171167448361141e-03,
       -1.5316084061869854e-02, 1.1874184463247006e-02,
       -9.3341308012768760e-03, -2.9577184645474881e-02,
       1.9042729602735869e-02, -6.2584203444975180e-04,
       1.7371304543443458e-02, -2.1558898505879779e-02,
       -3.7974236599797977e-03, -2.6521014121468536e-03,
       -3.3587324577164263e-02, -1.2231893813155524e-02,
       -2.7673053385753798e-03, 2.0963225394243210e-02,
       -1.4800591374184789e-02, -2.4203055544978518e-02,
       -1.0517469009091946e-03, 5.1467345721470117e-02,
       5.7080332394049950e-02, 6.8738408893232544e-02,
       4.6744387574079484e-02, -1.7363663759307851e-02,
       -1.9715224144962344e-02, -2.3155685730210488e-02,
       -2.7930364497290673e-02, -9.1191278794585974e-03,
       -1.8786826391335110e-02, -2.7163789207174095e-02,
       -8.5230100758500963e-03, -1.4666478859727421e-02,
       -2.5839670579838082e-02, 1.8658237210801395e-02,
       -2.1721196355955867e-03, -1.9967677345367904e-02,
       -1.3837197421319444e-02, -1.1438564537387844e-02,
       5.8418676377823754e-02, 4.7594983578450441e-02,
       -1.4227183106225146e-02, 4.1156791599504501e-03,
       1.2189275434547654e-03, -1.4939975546759861e-02,
       8.8754612337941258e-03, -3.1522431002762370e-02,
       4.4640740161042761e-02, 6.3969547882960220e-02,
       -1.2631481673343411e-02, -2.3536522100696653e-02,
       -3.0058247559939251e-02, -2.1083326581919457e-02,
       -1.9019793970117296e-02, -2.6542287614750068e-02,
       -2.3957573973377916e-02, 5.8806884218505582e-04,
       6.9170745187174722e-03, -1.2369344355482922e-03,
       -1.1769734425987315e-02, -1.3958881243786025e-02,
       -7.5597509012180182e-03, -1.4658478510526457e-02,
       1.8453738828707312e-02, -6.5521744757522059e-03,
       -8.2823243348746876e-03, -1.0874903102296791e-02,
       5.5315229203011266e-03, -1.0737238569396599e-02,
       -3.4599466677747930e-02, -9.2136466589799529e-03,
       6.1724964152901855e-03, -1.2000850615358690e-02,
       -3.5837243982801571e-03, 8.5112383834441800e-03,
       5.2103878202358527e-03, -1.2759053296737913e-02,
       -4.2601313461419930e-03, 7.2244851251624900e-02,
       1.2422691767431573e-03, 3.9277367203301092e-02,
       4.8175826922544338e-02, -2.5526682672097577e-02,
       5.3011272408230503e-02, 7.0185906119589470e-02,
       -1.7950522785006418e-02, -1.7143154659650713e-03,
       -1.1700272362573278e-02, -1.3228989334191827e-02,
       -1.1829277144559426e-02, -1.1152352250543597e-02,
       -9.5383236622234614e-03, -1.4982748928328129e-03,
       4.7375380196153314e-03, -1.0798103461450251e-02,
       -8.1133077444771346e-03, -1.3769131258894601e-02,
       3.4696879387014212e-02, 6.3651579242235872e-03,
       1.2383116885805503e-02, -1.3747479371601791e-02,
       -1.7401218076804628e-02, -4.3793457460398373e-03,
       -6.2631509227547427e-03, -1.2890514035692104e-02,
       -1.8930765533553919e-02, -8.9355803466045405e-03,
       -1.5161463387318171e-02, -1.9385991723720315e-02,
       -1.6646123396845024e-02, -2.9538548727790267e-03,
       9.6601395909017354e-05, 1.1825020750382328e-03,
       -2.0742578527796613e-02, 3.4614360016782121e-02,
       -8.1589114552412072e-03, 1.1070111377932831e-02,
       1.8476212107316193e-02, -3.1834253788285083e-02,
       6.2005514603094385e-02, -1.4392169748599569e-02,
       -1.7264952387259298e-02, 1.2036576813899205e-03,
       1.3133420001717269e-02, -2.3284837497257505e-02,
       5.6600576532430169e-02, -3.7667048015041803e-02,
       2.9219095304439178e-03, -1.2735461179495665e-02,
       -1.5683326836333011e-02, -2.2907547862241282e-02,
       2.2103360488414308e-02, 2.6125611685671124e-02,
       -4.6561106031172122e-04, -7.3943106566692323e-03,
       9.5662319396426915e-03, 2.0484102435894425e-03,
       -2.9548036003877853e-03, 1.2321845339869995e-03,
       -2.4021782109816044e-02, -2.0307301927372498e-02,
       1.9976418653653780e-04, 4.6591353681046197e-03,
       1.4346570541093343e-02, -1.7588136757823725e-03,
       -1.9551316985329484e-02, -1.6634674180880781e-02,
       -1.6627352072712348e-02, -6.5208943338383478e-03,
       -8.7487093157601406e-03, 5.2891647980324079e-02,
       2.9813976101570692e-03, 1.1777760364323162e-02,
       2.5321476509904243e-02, -2.0714450090565495e-02,
       1.3365784650884322e-02, -2.6016349229466381e-02,
       -1.2181167169904392e-02, 4.4819737229788464e-02,
       5.4299123459627258e-02, 5.0745512622957494e-03,
       8.0153784340590326e-02, -6.0079110963983107e-03,
       1.3376121630410508e-02, 2.0479178731726815e-03,
       2.3688476694761023e-02, -4.2268590666694203e-03,
       5.8210222332337663e-02, -2.4882860282442298e-02,
       1.0475163737635426e-02, 2.4003650045739084e-02,
       5.5909809722692935e-03, -1.7317852942961502e-02,
       -8.7557853874100228e-03, 1.5191683223065893e-02,
       -1.1315905219648792e-02, 2.0676400710966636e-03,
       -1.4589904053143532e-02, -1.3971465228165775e-03,
       6.7021618249288720e-02, 2.0417109780873674e-02,
       -1.0019365654999314e-02, -3.4518450295073951e-03,
       -1.0460943714054453e-02, 9.3407756687710480e-02,
       2.4828115281189101e-02, 2.3760485229995503e-02,
       3.1339736505672365e-02, 7.0173951424631464e-04,
       5.0537930752435779e-03, 5.7213722474107324e-02,
       -5.8860274620113132e-03, -1.6936698792710852e-02,
       -6.6060957366115046e-03, 6.3475993188525492e-03,
       -5.0678769065729927e-03, -3.5178406407917064e-02,
       2.7334908067778291e-02, -6.0321368155771722e-03,
       2.9288748486618325e-02, -2.0572542132439198e-02,
       -2.6465916186551548e-02, -2.7850533511129393e-02,
       1.9682461618217701e-02, 8.2027734500138179e-03,
       7.4857204890835971e-02, 2.4171406962873759e-02,
       -1.7369141823860117e-03, -2.4666872007327902e-02,
       2.0820539895582144e-03, 3.0966793601288147e-02,
       7.3130443725126532e-02, 7.2872884015922887e-02,
       2.4030664683213272e-03, -1.4474201401996425e-02,
       3.9049669821330894e-02, 3.7252318495659770e-02,
       -1.9015320166564324e-02, -1.0441323970802210e-02,
       -1.2670706186548589e-02, 4.4301144841283904e-02,
       -6.9968615395216089e-03, 1.2088753769230860e-02,
       -2.0014929392489344e-02, -2.8606744956995549e-02,
       -2.2887912772953468e-02, 1.9826220738125455e-02,
       7.8623325414371101e-03, 9.2535541774611558e-04,
