%YAML:1.0
M: !!opencv-matrix
   rows: 22
   cols: 22
   dt: d
   data: [ 3.4003212773350711e-01, 3.5718634800197446e-01,
       3.0894540644093432e-01, 3.8354340881544630e-01,
       4.2109451324212260e-01, 3.8120302503418929e-01,
       5.0194349411015926e-01, 6.5590495013799643e-01, 0., 0.,
       2.8460651071766752e-01, 2.3464115030536001e-01, 0., 0.,
       4.1749904269193838e-01, 5.7275577060029381e-01,
       4.3229950419882363e-01, 5.2407833704933693e-01,
       4.2392587019576028e-01, 3.5188943495644570e-01,
       7.0377615431931295e-01, 5.0850511576837509e-01,
       3.3745049753599621e-01, 2.4425449327818707e-01,
       1.2951850959675773e-01, 1.3665153943910383e-01,
       2.5854497343497457e-01, 3.1617581445184417e-01,
       2.4724710524511995e-01, 3.4542222496545744e-01,
       1.1443494572233698e-01, 0., 2.5689371624816559e-01,
       1.6902835599385715e-01, 9.8087096333431698e-02, 0.,
       5.1493320018660571e-01, 4.0025707186728654e-01,
       5.2001259230997932e-01, 3.7962091239496876e-01,
       3.6025655515992278e-01, 3.8643950511188796e-01,
       1.3143253080786527e-01, 6.1316159834918960e-01,
       5.8830427027604704e-01, 6.9877574335159198e-01,
       4.3754803730286446e-01, 4.4192157414208177e-01,
       6.7835323442588769e-01, 3.9468527710559431e-01,
       5.3845412073969945e-01, 4.6056622849580864e-01,
       2.1069548875207639e-01, 5.0884502043917335e-01,
       4.7039924835017904e-01, 8.1110340266794789e-01,
       1.7006713395794165e-01, 2.3260164939674066e-01,
       8.8198642169196506e-01, 9.8360567346826666e-01,
       3.2092256643254069e-01, 8.6503236290380192e-01,
       1.1876552570592240e+00, 7.3327232000560105e-01,
       3.9467791999761315e-01, 4.2199546172894864e-01,
       2.6070505224644430e-01, 2.9081415640560604e-01,
       6.3600010245603619e-02, 6.7922652834212144e-02,
       2.5596657474815560e-01, 7.8289932788972144e-02,
       3.3154519322431730e-01, 3.7768215671431471e-01, 0., 0.,
       8.2737318335653620e-02, 1.0342164791956703e-01,
       7.1980037624509940e-02, 0., 4.4125631716794367e-01,
       2.2280398482855107e-01, 2.8525211390238198e-01,
       2.4269924453335140e-01, 2.8982972103439419e-01,
       3.3942806981747720e-01, 7.7308512683463670e-01,
       5.9559785130953102e-01, 4.2500077569477146e-01,
       6.6195340329083741e-01, 5.6275465415489045e-01,
       2.0793805967671258e-01, 6.1894948708556174e-01,
       4.4067288955558442e-01, 4.9857527108419014e-01,
       4.3451698708700714e-01, 1.9707952063153639e-01,
       4.8701987798581126e-01, 3.7046314404491237e-01,
       4.9318756899005434e-01, 2.7149421139068741e-01,
       2.8382073551432868e-01, 1.0020157722660692e+00,
       7.0542475232166224e-01, 4.0475051815011626e-01,
       3.9412998392044146e-01, 7.7910158894170300e-01,
       5.4126844462705848e-01, 4.2288732984211985e-01,
       3.8121654370361696e-01, 3.9315768254904004e-01,
       3.7969963606471735e-01, 4.0019406013845316e-01,
       4.4023387653773127e-01, 4.1948470278761951e-01,
       4.2773070428840582e-01, 3.1350432794720168e-01,
       3.3665335828236137e-01, 4.9694024987340907e-01,
       5.3943370863888107e-01, 5.3061025815738394e-01,
       5.8431550088992723e-01, 4.6984100802205020e-01,
       2.8382073551432868e-01, 7.5423842652975892e-01,
       5.2309400969805409e-01, 5.7629956439286278e-01,
       4.6011482950828220e-01, 4.2249437737373852e-01,
       7.1945721180779953e-01, 1.7650217104050836e-01,
       4.1275469899333028e-01, 7.7814783097609719e-01,
       7.5181827253481570e-01, 4.8380363897216533e-01,
       5.9304070969959177e-01, 5.2426573343688432e-01,
       6.4308138773053403e-01, 9.2440675283288110e-01,
       1.1392082340766811e+00, 7.0763573862548546e-01,
       6.8339378388790106e-01, 1.0653141414715668e+00,
       8.1305829308822020e-01, 6.3990814197999180e-01,
       5.1642238491106940e-01, 9.5475882422182934e-01,
       1.0810630356860065e+00, 8.9158655880635340e-01,
       9.1148543898045065e-01, 6.9049728710552472e-01,
       8.3528640022296097e-01, 5.7693342556711935e-01,
       8.7397382724296335e-01, 0., 0., 1.6014632887269198e-01,
       3.5029560086939437e-01, 4.3549551587421154e-01,
       1.8364829758347717e-01, 2.5399776835906812e-01,
       7.3352205242881524e-02, 3.9819408376143678e-01, 0.,
       1.7883333338958601e-01, 8.7347143882911704e-02,
       6.2445035929609413e-02, 0., 4.9221442400988843e-02, 0., 0., 0.,
       8.2077657124624226e-02, 1.8136449881784186e-01, 0., 0., 0.,
       8.9864869243978282e-02, 1.5969541585005603e-01,
       1.5220244341829017e-01, 1.7942185969867086e-01,
       2.6745883839284523e-01, 1.6747374302525722e-01,
       1.2048158105996615e-01, 0., 5.2413830653069801e-02,
       2.5624661901167772e-01, 3.4605761107595090e-01,
       2.0788179832626333e-01, 0., 1.2150473215707787e-01,
       2.6052357160489209e-01, 3.7543255764338473e-01,
       2.9996789599719825e-01, 2.0993083082459063e-01,
       1.7807721050635480e-01, 0., 0., 0., 0., 2.7963547359234359e-01,
       5.2848235104477936e-01, 4.0570480661815378e-01,
       2.6881541950129184e-01, 5.9136776645689193e-01,
       7.2955136520532382e-01, 3.9612127227161203e-01,
       1.9637390590208975e-01, 1.1371145770815649e+00,
       5.7134623544493646e-01, 1.3442507355411937e-01,
       2.3260164939674066e-01, 5.6897133454882076e-01,
       7.9872389762121920e-01, 4.5238855335206279e-01,
       5.1456257912544356e-01, 8.8827771689051016e-01,
       1.0164774464528712e+00, 0., 0., 0., 6.2365252049777248e-02, 0.,
       0., 5.3355049928741273e-02, 0., 3.6986059629242132e-02, 0., 0.,
       0., 4.3851494919476902e-02, 0., 0., 0., 7.8112118983551998e-02,
       1.1730464688484460e-01, 3.9263911738346299e-02,
       8.0137540460434503e-02, 1.0548101272583560e-01, 0.,
       1.2685252506709144e-01, 3.8071822012118915e-02,
       2.4097003053670166e-01, 1.1784705204935060e-01,
       3.3938126497758597e-01, 6.1719572275490242e-01,
       3.6132771777944195e-01, 4.7512679755968917e-01,
       2.0445980265449937e-01, 1.9151034325151495e-01,
       2.3822314629493152e-01, 6.8739380859138599e-01,
       3.4938857553164691e-02, 1.2286940519771056e-01,
       3.6812934404163433e-01, 2.8382073551432868e-01,
       3.4264339382346160e-01, 3.2007317637471577e-01,
       2.6082163828577631e-01, 1.1101403413917998e-01,
       1.1787822934652979e-01, 3.5415223261967882e-01,
       2.5828505587495670e-01, 1.6925359507309884e-01, 0.,
       8.9864869243978282e-02, 6.3600010245603619e-02,
       6.3855720837548730e-02, 0., 1.4116700167425272e-01, 0.,
       1.6820314458531893e-01, 0., 0., 1.5101366230840632e-01,
       5.9708349967223101e-02, 0., 0., 0., 3.4112630553075250e-02,
       4.0602643958081291e-01, 2.8771390332565555e-01,
       1.6296730144404278e-01, 6.4352444577458701e-02, 0., 0., 0., 0.,
       4.6844912980846820e-01, 2.6947196433623899e-01,
       2.7445753863369621e-01, 3.0780747007690651e-01,
       2.4617257103430046e-01, 1.1838587417586267e-01,
       3.9819408376143678e-01, 4.4170253502139289e-01,
       4.4761641966710386e-01, 4.5022600244923477e-01,
       3.3422383386796689e-01, 0., 1.1223923814934812e-01,
       4.9158048634795788e-02, 1.6565734550752123e-01,
       1.7735197748370193e-01, 9.9182570554485455e-02,
       1.8923235588788340e-01, 0., 0., 9.4172137050060278e-01,
       1.0075497381870462e+00, 8.6643947630282181e-01,
       9.9179903380634238e-01, 1.0594707345686656e+00,
       9.1151754382968064e-01, 9.4325905626664985e-01,
       1.3078294568486812e+00, 5.4766480115898009e-01,
       9.0431865382903454e-01, 1.1816391910164772e+00,
       1.3952544554901629e+00, 5.6792810435548191e-01,
       4.2016184188132999e-01, 1.4832570803696952e+00,
       1.2987600858964241e+00, 1.0841616067337834e+00,
       1.0246569069573217e+00, 1.1564343165339328e+00,
       1.5511900202076851e+00, 1.3368647987698017e+00,
       1.1364383133181886e+00, 1.0399490148392286e-01,
       2.3377765591566027e-01, 1.0259187668264889e-01,
