%YAML:1.0
bias: 1.6106609968297718e+00
beta1: 2.8083030766252019e+01
beta2: 3.3400319877566567e+01
width: 6
height: 6
orientation: 31
data: !!opencv-matrix
   rows: 1116
   cols: 1
   dt: d
   data: [ -3.0899863012938806e-02, 3.0427430485801443e-02,
       5.0462429275302458e-02, 5.2877400319149108e-02,
       6.8981220388983980e-02, 2.4511687442062158e-02,
       -3.2354800271127887e-02, -1.8289018985939112e-02,
       -2.7626486666096687e-02, -1.9168593373925239e-02,
       -2.6171186435336287e-02, -3.0877992895623610e-02,
       -1.0305302496738961e-03, -1.4344416462144370e-02,
       -1.9621940640155166e-02, -3.1537229095822086e-02,
       -1.8697173903020496e-02, -1.0673109203191313e-02,
       5.4161880139545066e-02, 6.4801338976113038e-02,
       -1.0624646569138314e-03, -2.9048247479098947e-02,
       -3.7359772695410645e-02, -3.2989576415907468e-02,
       1.0731525316136116e-02, -1.9664137482699573e-02,
       2.6879165505653328e-02, 9.1754083579467325e-03,
       -2.0026914531674378e-02, -2.9858465573723174e-02,
       -2.0288739782050466e-02, -1.5159542812490446e-02,
       -1.2710685677473773e-02, -1.8477198634353431e-02,
       -2.0511834056203297e-03, 5.1014357383434928e-03,
       5.2694390646423284e-02, 6.2054030632080967e-02,
       -9.2428930353811306e-04, -3.0929541844748228e-02,
       1.0566274188764390e-02, 2.3375550697805298e-02,
       5.9519339076420244e-03, 2.5015757118509192e-03,
       -3.1262407171878719e-02, -3.3363640246821792e-02,
       2.6449003695182801e-03, -3.1629365801549144e-03,
       -3.1519560350700457e-02, -2.7651428718370324e-02,
       -3.7493173321113363e-02, -2.9840568798776008e-02,
       -1.2736597464189044e-02, 6.2090367656269917e-03,
       -1.5184970138354908e-02, -1.7571657551673434e-02,
       -4.1635694170743913e-02, -1.3917047787024801e-02,
       -1.6897650500986676e-02, -2.6502549898001680e-02,
       3.2379748706530959e-03, -3.0015450691518480e-02,
       -1.2910312605171868e-02, 6.4373707489421813e-03,
       -5.6132225063796476e-03, -2.3381935677171943e-02,
       1.8042634496518196e-02, -5.0731762196245062e-02,
       2.6780697600556600e-02, 6.8897836297964740e-02,
       1.4601610260710933e-02, -1.1891654983596919e-02,
       5.2598880197538750e-02, 1.8730938989777138e-02,
       -3.8243641532939342e-03, -3.0692959271966851e-02,
       -1.2687190539282085e-02, 9.0567219541768332e-03,
       2.3073935295016168e-02, -7.8779963057789594e-04,
       -2.1995476133443534e-02, -3.7726759905782489e-02,
       2.9263197461592276e-02, 1.3654163644638586e-02,
       -1.1380345854224672e-02, -1.5160022331440632e-02,
       -1.8163263832520031e-02, -2.6783713089780309e-02,
       7.6590974365681116e-03, -2.4935030596621895e-02,
       -1.5609548450169219e-02, -2.7991369814657066e-02,
       -2.4766060834894271e-02, -2.2265926167192095e-02,
       -1.4464365431954904e-02, -9.8202775735180842e-03,
       -1.1914853595752881e-02, -2.2437132887430079e-02,
       2.1769377509740402e-02, 1.0466245240652556e-02,
       -1.5318296146769925e-02, -1.6634284390297793e-02,
       -4.6435730567092715e-02, -3.3027714131268933e-02,
       4.0317742106295990e-03, 1.9356726622070846e-03,
       -3.3468755544469545e-03, -1.6760601021802417e-03,
       2.3817655757509486e-02, -1.7448590018483198e-02,
       -2.9289936499547670e-02, -3.0191317022392427e-02,
       -1.2845369041142590e-02, 5.2544763283264781e-03,
       1.7606754430251288e-02, -1.5458849978436237e-02,
       -1.5765955340013710e-03, -6.4381724796033222e-03,
       4.6105009876843073e-02, 4.9020921651855773e-02,
       -4.7775012497452331e-03, 6.3984712292246143e-03,
       3.7857605708278928e-03, 3.4566639721942561e-03,
       -8.4119467429232854e-03, -2.6658374621815976e-03,
       -1.1288415123727150e-02, -1.2999376004590984e-02,
       -9.8300708240371369e-03, -1.8554548749947112e-02,
       -3.0893342348142810e-02, 5.7132590485754621e-02,
       6.9885085282810969e-03, 9.8511468856192549e-03,
       -5.3266270455003487e-03, 4.7992644466632567e-02,
       -2.0495633645289710e-02, -1.7172423874724969e-02,
       3.1765742224484583e-02, 1.4350182482173655e-02,
       2.5745693620007674e-02, -3.0234462124700406e-02,
       -4.2558384107371054e-03, 4.2048899201285142e-02,
       9.3390549692140435e-03, -1.5891331861903127e-02,
       1.2244167693720680e-02, 3.0505737483984316e-02,
       2.5895555045267354e-03, 3.8413661067004728e-03,
       -3.3756441695666453e-02, -3.5599542266841901e-02,
       -4.1272844435321244e-03, 1.5010084885482718e-02,
       -8.4204336313102521e-03, -2.2867067936073779e-02,
       -1.4752315707771798e-02, -1.6575612910389795e-02,
       -3.3210283244692147e-03, 7.8550047385086280e-04,
       4.7826066504896994e-03, -3.7023122124668576e-03,
       -2.4752774709852363e-02, -2.6580507434124476e-02,
       -2.0848252192143164e-02, -1.6853411067166740e-02,
       8.1404272818387510e-02, 5.2782638931183685e-02,
       -1.0558884212565921e-02, -2.1489712053843812e-02,
       3.7946433533921067e-03, 9.3963123521346517e-03,
       9.0807596171666172e-03, 1.6790425499935577e-02,
       6.5581594068122764e-02, -2.6344764698713805e-02,
       -2.7495830304137735e-02, -9.7304648049476479e-03,
       -3.6557770138594167e-02, 5.1538851200148623e-02,
       3.9148115599061173e-02, 2.6814007326558385e-02,
       1.3525246393330968e-02, -8.3183878108230181e-03,
       -1.4289579205478376e-02, -2.6793690486918331e-02,
       -2.0032080782167342e-02, -2.4737254809135266e-02,
       2.5071723251515445e-02, -4.7378071559854512e-03,
       -1.2703190096468775e-02, -1.9845343979752832e-02,
       9.1522434613894119e-03, 1.9103674365434413e-02,
       8.7781291724134930e-02, 2.8649201997773620e-02,
       -5.7476251558457323e-03, 5.6117389590061061e-03,
       7.1717695779460224e-03, 1.4474110438001671e-03,
       7.6713023991897885e-03, 6.7160935291521364e-03,
       6.6879558708342873e-03, 6.5769010681346982e-02,
       -2.2863874006871791e-02, -2.3312975211053695e-02,
       -1.5731716285987386e-02, -1.1603572565498011e-02,
       -3.6665159083754298e-02, 5.4229733547544921e-02,
       3.0992955236904814e-02, 2.4972806981102477e-02,
       1.9399696791542000e-02, -3.1346472927388180e-02,
       -1.5808685476291382e-03, 5.6786302172561150e-02,
       -9.2552540015165535e-03, -1.7259755672767298e-02,
       -6.8220051008624615e-03, -1.7143914902455652e-02,
       9.2007441749528615e-03, 4.1267948890420340e-03,
       -2.5349754904315840e-02, -1.6150153302834584e-02,
       9.4389846406030629e-03, -2.9685928159580042e-03,
       -6.0597332224099128e-03, 9.7144244884534211e-03,
       -1.3891119506895831e-02, -1.3872115016556684e-02,
       6.7915899608220601e-02, 4.2400649593949742e-02,
       -2.7245305155838000e-02, 5.1110303734851767e-03,
       -1.0973709525949459e-02, 1.1134875733749364e-02,
       -4.2368679533403546e-03, -1.6745280166431283e-02,
       -1.4275550498997912e-02, 2.5540017174184321e-02,
       9.0510672696465788e-04, -2.1476823671555706e-02,
       -2.4029599201430513e-02, -4.2902087982728140e-02,
       5.0143805410620808e-02, 4.3284375364524036e-02,
       -1.3718646986181943e-02, -3.5191333576710941e-02,
       -1.3405146024041867e-02, -3.6525853655332008e-02,
       -1.9250367042600490e-02, 5.9228248192772129e-02,
       -3.4680443852307577e-02, 1.7945014309181394e-02,
       -1.2893520018488119e-02, 2.1451453179414815e-03,
       1.2640920972574249e-03, 8.0517807236789533e-03,
       -3.4250726125845208e-03, -1.2194002650229938e-02,
       4.9146665122160246e-02, -1.9106904850728891e-02,
       -2.5511923824732890e-03, 1.4160689900878435e-02,
       -2.3029539720170980e-02, -5.0691541232474664e-02,
       1.4552993300833024e-02, 1.9899384096681207e-02,
       3.7847451110983067e-02, -1.1869144471743751e-03,
       3.7891182380560481e-02, 3.1982850834376783e-02,
       -6.1091031980462993e-03, 2.2910379136299036e-02,
       3.6377432473028964e-02, 5.1073625648710270e-02,
