%YAML:1.0
bias: 1.5214035421696528e+00
beta1: 3.0503927251813600e+01
beta2: 3.6246368972379948e+01
width: 6
height: 6
orientation: 31
data: !!opencv-matrix
   rows: 1116
   cols: 1
   dt: d
   data: [ 5.4029872738666065e-02, -1.7763800003054258e-02,
       2.3083817856165617e-02, -3.4537759068496050e-02,
       4.2476361484533244e-02, 6.6677029861911360e-02,
       -2.5748252465997476e-02, -1.6304406517276028e-02,
       9.4419515458490453e-03, -3.3567075755712786e-02,
       -3.7809346217001084e-02, -3.1818969877786013e-02,
       2.4190366070297148e-02, 2.9209244892926818e-02,
       -4.6310383519484436e-04, 1.5144324372538199e-02,
       -1.5821362501066191e-02, 4.7275924160703697e-02,
       3.9298316052723365e-03, -1.2162336586006604e-02,
       -1.1516121368998371e-02, 3.3499922397369514e-02,
       -1.7529593013836216e-02, 1.4099657220450024e-02,
       4.0394326123430510e-02, 3.9271443687233176e-02,
       -2.4237814319397883e-02, -5.1324239596645905e-03,
       9.3153865768808103e-02, 4.3970737941003406e-03,
       -2.7148474518066904e-02, -2.1523162264564244e-02,
       -5.4376742606372331e-03, -9.4939396359157158e-03,
       3.0601941479803579e-02, -1.1314109235460314e-02,
       3.7810970069736730e-02, -1.7134593443361254e-02,
       -7.8103308942691786e-03, -1.9067581090111956e-03,
       -1.3633576258231160e-02, 7.4851838574907140e-02,
       -1.4855137656565300e-02, -3.1814718115957770e-02,
       -1.5411235922401435e-02, -2.9535156372468892e-02,
       -1.6994908425074506e-02, -9.6110446131444354e-03,
       -9.9421753463107710e-03, -4.4598183698880342e-02,
       -2.0609975039558304e-02, -6.7921460460057949e-04,
       6.4038185558380964e-02, 1.1385296218019685e-02,
       -2.5760120668183423e-02, -4.0892474335806610e-02,
       -8.4418059981262866e-03, 2.5716812257895117e-02,
       6.5362496974405063e-02, -5.0826706226270703e-02,
       1.0863491108224361e-02, 7.5293267779229303e-02,
       1.7274916487802702e-03, 6.8753435711181561e-03,
       6.4784083096193198e-02, 6.1116268223106521e-02,
       2.2798691261165165e-02, 4.7464277161631645e-03,
       7.5775435087703878e-03, 1.3124793083842744e-02,
       -2.1693031977411500e-02, 2.8125756305805077e-02,
       1.3986619091742630e-03, -1.0070625808502735e-02,
       -4.0862262904403646e-03, -2.5632332890416241e-02,
       -4.8953101989216152e-03, 8.5868721291907507e-03,
       -8.5018150833754153e-04, -3.7794307592809273e-02,
       -2.0730351034611828e-02, 1.8792799179371839e-03,
       -9.8864859862050486e-03, -7.5710392329150344e-03,
       3.0298466380132349e-02, -1.5076799537651404e-02,
       -4.3093581252954233e-02, 5.3878817748589880e-02,
       9.0050737543891049e-02, 2.9042741826902838e-02,
       -1.0522545622917377e-02, -1.1912769798094030e-02,
       1.0836131587324554e-02, 7.0637614349678239e-03,
       2.3004529541472557e-02, -2.9195930980297592e-02,
       -1.3210015521662346e-02, 6.0868611919698980e-02,
       5.3695448789170243e-02, -2.1937906659266999e-02,
       1.4742092549720502e-02, 6.1870605717634702e-03,
       7.9346626580724649e-03, -2.3237120337550883e-02,
       -2.4838863111715247e-02, -1.8121879151228457e-02,
       -2.8090262530370447e-02, 8.7254485841704813e-03,
       1.0233149471072655e-02, 1.1959311752453178e-02,
       3.0999466697405600e-03, 1.1147533551058283e-02,
       1.6696419106368512e-02, 3.5126529361605520e-02,
       1.7429927431103887e-02, -3.8965363527370353e-03,
       1.3346553737089029e-03, 9.8887386620248562e-03,
       -7.9235548911019762e-03, -1.2872202309766673e-02,
       4.4921524043168889e-02, -1.4873834967595305e-02,
       -3.3738785665664316e-02, -3.3118437735411024e-02,
       -1.9578459096555301e-02, -2.5405537432304684e-02,
       -2.0254932010543465e-02, 5.7217245112343329e-02,
       3.9582154411829572e-02, -2.3039236001296450e-02,
       4.1342864535089084e-03, -2.1236714038967340e-02,
       -2.7990889837418056e-02, 3.3029222146875335e-02,
       8.5552779320054971e-03, 3.0006314276979705e-03,
       -1.5085114373453853e-02, -9.3001843466097300e-03,
       -1.8526578337191634e-02, -1.8631504807538942e-04,
       -8.3918952461944276e-03, 2.1006867435346261e-02,
       -1.2739467335102561e-02, -7.5931442039168543e-03,
       -6.8325398236095619e-03, -1.9433455757458123e-02,
       -1.1516654301775051e-02, -1.4230741536106536e-03,
       -1.8874348751903230e-02, -9.3109625908077975e-03,
       1.1824787430906345e-02, 2.3917381204318695e-02,
       -6.6174620265991267e-03, -1.0136666761305032e-02,
       -2.0673047056792265e-02, -1.6381008029440026e-02,
       -1.6123749612108329e-02, -2.0056547855165092e-02,
       -2.5693089959697383e-02, -1.4890919018806497e-02,
       -1.6951108156652028e-02, -1.9823095306616852e-02,
       -2.5298190376789449e-02, -7.5215337465649127e-03,
       1.0543410063674503e-03, -1.6001165941133065e-02,
       -1.6273803228626121e-02, -1.8208272920707699e-02,
       -3.3901846977803261e-02, 2.7290490712669011e-02,
       -1.6305364956242747e-02, -1.4872492214695603e-02,
       1.9246249388429698e-02, 3.3261502598040414e-02,
       -4.9079895446479775e-03, -3.4997765596448703e-02,
       -1.6469962773713716e-02, 1.0971001724179089e-02,
       -1.2598681014969195e-02, -2.1874362830916746e-02,
       1.1532785479466488e-03, -2.9976484869006781e-03,
       4.9704635437659364e-03, 1.5219823660468819e-03,
       5.7102019360356221e-04, -7.5177989694781271e-03,
       -4.4477195971839908e-03, -8.9176178618438455e-03,
       -1.1768612432966031e-02, -3.0441882778211287e-03,
       -3.6733580553240386e-03, -6.5829964650302268e-03,
       -7.5721960295878389e-03, -2.1961464043437462e-02,
       -1.3514993730010682e-02, -1.2342419081898660e-02,
       -1.3896790649872473e-02, 3.1241588753299240e-02,
       5.1523713950716015e-03, 2.2060082001093696e-02,
       3.2593820706707851e-03, -3.6546382482438178e-03,
       1.0070065486174925e-02, 4.1173814460197071e-02,
       -3.1215403173979941e-02, 2.1804974536074398e-02,
       -2.2174230200418678e-02, -1.1549030467722149e-02,
       3.9679007123525213e-02, 1.3316405204779677e-02,
       4.9559320395021450e-02, 2.6269846927464641e-03,
       -2.5351950073462321e-02, -1.3348946774873546e-02,
       -6.7299760048044168e-03, 1.2927552206845362e-02,
       -1.3173694632828775e-02, 3.8655162766585531e-03,
       3.5400142640198994e-02, 6.2025818744505124e-03,
       -4.8400258727338014e-03, -5.6112991656386939e-03,
       2.6277922924703278e-02, 6.1462020546692434e-02,
       5.2784138760463006e-02, 3.7482096355709316e-03,
       -9.2681796883325694e-03, -8.9336026640412704e-03,
       4.7470588043118959e-03, 3.0694953514608075e-02,
       -1.8789471510903977e-03, -9.2073216536021057e-03,
       -1.3652931517815386e-02, 2.2404628829627578e-02,
       2.3389611527675599e-02, 6.7539141738416682e-03,
       5.7028878116886263e-05, -5.0897455528871021e-03,
       4.5313687305453813e-02, 4.5948515904896278e-02,
       -3.1079335127960853e-03, 8.0775116339460318e-04,
       -9.0824802369847864e-03, -1.2693407920980017e-03,
       1.2850654712030963e-02, -2.7492209040177800e-03,
       -4.5363492195853476e-03, -8.9079605818077924e-03,
       2.4487518982651991e-03, -1.3014811849338098e-03,
       -1.0952196417140739e-03, -5.9861671321958191e-03,
       -2.3278613120356201e-03, 3.6590033327706696e-02,
       2.6763808277186635e-02, 7.6599065996579667e-03,
       -1.4145024023007234e-02, -1.1328808103158563e-02,
       -1.7624282118372924e-02, 3.4350432347264086e-02,
       -1.5107847395119996e-03, -2.9642423294162310e-03,
       9.1566451628883379e-03, 2.1568737755650942e-02,
       -2.0688634490593320e-02, 1.5518093234808152e-02,
       2.6171711957095768e-02, -1.2623695838564031e-02,
       -1.3023764428967567e-02, 8.4810745844234800e-02,
       3.7294663927876261e-02, 1.0748628504488574e-02,
       -5.4846014359224132e-03, -8.8786707948786993e-04,
       -1.7027321994048716e-02, 6.5856507524607172e-03,
       -2.0452969392902474e-03, 2.2752533395067619e-02,
