%YAML:1.0
bias: 1.4894785730286069e+00
beta1: 4.9832641854878673e+01
beta2: 5.7074793210364689e+01
width: 6
height: 6
orientation: 31
data: !!opencv-matrix
   rows: 1116
   cols: 1
   dt: d
   data: [ 5.5711901552824676e-02, 4.6278023438015584e-02,
       5.0232220185106063e-02, -8.0079216216183864e-03,
       9.8687570566772902e-03, 2.8378811702066036e-03,
       5.3448431442215207e-02, 5.4852590086842810e-02,
       2.5646497455554883e-02, -6.7359149856303091e-03,
       -1.2312833091793401e-02, -1.4200916782240315e-02,
       4.9508500175913753e-02, -1.8693517212025564e-02,
       1.9266027349646220e-02, -2.1271155133091690e-02,
       -1.3436986470789848e-02, 4.2970888205695286e-02,
       2.0365920865540822e-02, -3.9550323497671416e-02,
       -1.5109148095483015e-02, -2.1063248514813275e-02,
       1.3544691419369054e-03, -2.7667125015389076e-02,
       -2.5496317850381440e-02, -3.3148664363593025e-02,
       7.4566143403172580e-02, 3.3084580285228087e-02,
       1.7313498429160849e-02, -3.2360073018517906e-02,
       -2.2125245869061897e-02, -7.4934023893368290e-03,
       1.2002857608575447e-02, 1.4471374950890217e-03,
       -5.3671208414501582e-03, -6.7719430562115050e-03,
       6.1624792753850514e-02, 3.9897744631241752e-02,
       5.4109984011053665e-02, 5.8058647832426168e-02,
       2.5110251837622968e-02, -1.3793052555449752e-02,
       2.8429825794357086e-02, 1.3705141681687977e-02,
       1.8948278995178560e-02, 9.3723439825436523e-03,
       -2.4931835112095728e-02, -1.7261133525879931e-02,
       -2.3964800831668416e-02, -3.1399725518249801e-02,
       -1.5304267379364182e-02, -3.0715700634952110e-02,
       -5.7958599000008972e-03, 1.5923476306279279e-02,
       -2.9440841577994679e-02, -2.9031607618546437e-03,
       -2.5491669662410638e-02, -1.3144300290567970e-02,
       -1.4119323949642715e-02, 2.3064413045804141e-02,
       -3.2200336870102528e-02, -3.3179128137498709e-02,
       6.0113645625678981e-02, 6.0090803192750411e-02,
       4.0380492067931713e-02, -2.7885703812765034e-02,
       -3.5185832573829429e-02, 2.5993221927927270e-02,
       2.0261081032336176e-02, -1.2899633233950178e-02,
       -1.6702272658771500e-03, -1.4805929528863013e-02,
       -1.0541082442184426e-02, -1.0056190266066922e-02,
       -8.2988558213278937e-03, 4.4049088784469871e-02,
       1.1685618001833632e-02, -1.2621080091402273e-03,
       -2.6272740994531842e-02, 8.2089372471388505e-03,
       -8.2615308330875742e-03, -7.8481078066610938e-04,
       -1.6367673943470541e-02, -1.7600362643616953e-02,
       -2.0462177503467571e-02, -2.7943145702056596e-02,
       -5.0317214290528690e-03, -1.0743569095400864e-02,
       -1.8599334383200298e-03, 9.0552097430244630e-03,
       -2.2385276716086932e-02, 4.3989374797517598e-02,
       3.9579090580217028e-03, -9.8649118187849189e-03,
       -1.6334312285319025e-02, 6.0152003013835914e-02,
       -2.6748912929020291e-02, 6.3135978574160728e-03,
       2.4141130489264886e-03, 3.3834870655624009e-02,
       -2.8950861558426862e-02, -3.5597128016252921e-02,
       -1.6834850474440385e-02, 2.1479997253151862e-03,
       2.2968098204373933e-03, -1.9218042728350752e-02,
       -1.5064700112883061e-02, -2.3998421985012862e-02,
       -2.4172084184080796e-04, -1.4215420788248957e-02,
       -1.7385745943556546e-04, -7.4520234830913364e-04,
       1.1650716339145582e-03, -6.5547512199639994e-03,
       -1.6514883220686411e-02, -1.0394047724707235e-03,
       2.7524682686145760e-03, -9.7163604906380305e-04,
       -2.9603905977175684e-03, -1.0387828298296082e-02,
       -1.9656002725136179e-02, -7.0728057933856312e-03,
       -3.8700321730097270e-03, -4.9697575053470316e-03,
       1.5566888601918901e-02, -7.7634039148489920e-03,
       -1.8069863194561206e-02, 4.1508261740788976e-02,
       1.1881589408891606e-02, 4.2353048035753248e-04,
       -4.2168981376240772e-03, 7.2560279761235025e-02,
       -5.2913831508207606e-03, 5.9186191027662469e-03,
       1.7054318229694825e-02, 8.1117746263121626e-02,
       -1.5668647342930549e-02, 3.1669058747322260e-02,
       -2.7750502122947909e-02, -1.2900316386261148e-02,
       1.1073198264551325e-02, -1.3219144022353364e-02,
       -1.6380582718231736e-02, -2.0485787079234721e-03,
       -9.8860188864866392e-03, -5.9711221893933835e-03,
       -1.3884655537258171e-02, 5.3982612965655895e-03,
       2.3528867289114741e-02, 4.5793456010362742e-02,
       -1.4653682574857878e-02, 8.9369152969101841e-03,
       2.1825068923777065e-02, 6.1156110502616923e-03,
       1.1322980463421013e-02, 3.3111627389438167e-02,
       -3.3919745587271365e-03, 8.7019015006558151e-03,
       3.4660614184403582e-06, 5.3140051667669927e-03,
       5.5969838618323119e-03, -3.0159672302072772e-02,
       -7.9045744301627623e-03, 3.5292820590570338e-02,
       2.0448188643469055e-02, -8.1262036938431516e-03,
       2.7194716304112587e-02, 2.6301481571444491e-02,
       1.5609132108471986e-02, -8.2000597807238233e-03,
       -2.1144774306081811e-02, -7.8469675111216743e-03,
       2.6510250561749032e-02, 7.6373395259977064e-02,
       -1.5795376315662867e-02, -5.3235337501828048e-04,
       -1.8530555681797255e-02, -1.1450708021018725e-03,
       -6.8875922924847462e-03, -3.3939684909885297e-02,
       -9.2146406182243741e-03, -1.4598245497076633e-02,
       1.5455392047759066e-03, 4.3236149381012199e-03,
       7.2027801196901636e-02, 3.5434832327266713e-03,
       -1.8906345770210338e-04, 1.8030339274008607e-02,
       -6.4073000741463396e-04, 8.5854110062378274e-04,
       -5.2724245794125157e-05, -5.8973457945285974e-03,
       9.8997033177735932e-03, 8.8182536946051129e-03,
       -5.2265855765608266e-03, -1.8630141764345801e-03,
       -1.0210436834936144e-02, -1.9875900286050244e-02,
       -2.0688174166409789e-02, -9.7461243347887940e-03,
       -3.2995255164063059e-03, -1.5689890563039582e-02,
       -1.8825905095894827e-02, -2.6527445267370581e-02,
       -2.8275650938380744e-02, -1.4545830806376321e-02,
       1.8699904696049565e-02, 2.4219380259829868e-03,
       7.4930156507229131e-02, 7.5015243098054046e-02,
       -6.6740789557387156e-03, 2.9525717944023186e-02,
       7.6855158489973055e-02, -1.6005662172211763e-02,
       3.4136350241320862e-02, 8.3334545546810690e-02,
       -1.3031371195557882e-03, -1.0023418979654690e-02,
       -1.8234431089732134e-02, -1.7492007136307365e-02,
       1.3120505216803809e-02, 1.9288817343346632e-02,
       -6.7709667782661354e-03, 1.9152530648686664e-03,
       7.7568126421209103e-03, -1.2411540535736345e-02,
       -1.4927618296404817e-02, 6.6825554907205837e-03,
       1.5313203777074227e-03, -3.1312765367851447e-03,
       -1.9492356826225170e-02, -2.5223686145085491e-02,
       -1.9529693419221957e-02, -1.2741164803563510e-02,
       2.4497852460135486e-02, 4.5407400841196936e-03,
       -1.0486340130280072e-02, -2.7913608082265173e-02,
       -1.5266256211089933e-02, -1.8037071767516837e-02,
       -1.2138087433386510e-02, 1.6319203749284042e-02,
       2.2386785839209021e-03, -1.7846945356086871e-02,
       -1.9424556045325718e-02, -1.9823491095022291e-02,
       -7.0284399056282521e-03, 3.5610709410760027e-02,
       4.0802292349495617e-02, -2.2301695798545691e-02,
       -2.0649529071976598e-02, 1.2283309287842740e-03,
       4.2725183060377588e-03, 1.4335568539773573e-02,
       4.0206973675256608e-02, 2.8979329759673003e-02,
       2.6825385695471497e-02, 2.6789418140438004e-02,
       -1.3223699740841238e-02, -1.3553917601352371e-02,
       1.0417266819793103e-02, 4.7820639226299807e-03,
       2.3697141805676964e-04, -3.3726662760424583e-03,
       3.1437918478351683e-03, -6.3235634648062065e-03,
       -2.8848517845357052e-02, -1.2167671210625135e-02,
       -8.2192068639867933e-03, -6.4741201133870635e-03,
       3.1520211486084609e-02, -1.2106120536725707e-02,
       -1.1138086379149257e-02, -3.0408180505915445e-02,
       -2.0145125393316681e-02, -1.4883890300598336e-02,
       -2.2762500407007086e-02, 6.9471152928949507e-03,
