%YAML:1.0
bias: 1.3680151130677272e+00
beta1: 2.6274256651119391e+01
beta2: 3.1248915744300746e+01
width: 6
height: 6
orientation: 31
data: !!opencv-matrix
   rows: 1116
   cols: 1
   dt: d
   data: [ 2.9248628185772887e-03, 2.6061804236660137e-02,
       1.8494153695409285e-02, 5.4765691401633031e-02,
       1.9981261139028939e-03, 3.8750515891848693e-03,
       -2.1928509082596227e-02, -1.0617622319900231e-02,
       -1.0850685380162829e-02, -4.1255038542473109e-03,
       1.3876571289136318e-02, 3.3672499958530354e-02,
       1.3026715882080367e-02, 3.1442854724226199e-02,
       4.0651085254431396e-02, -1.3781107700954739e-02,
       1.3383633774684434e-03, 3.8212121467282728e-02,
       -1.2815004505706556e-02, 2.2476470218166775e-02,
       7.1591272886140936e-02, -1.2656573825470033e-02,
       -2.3728473416878379e-02, 4.6440915274549577e-04,
       4.8717551975562129e-02, 5.7259049700085829e-02,
       6.5663274274286046e-02, -2.6875529771958222e-02,
       -2.7028727678720776e-02, -2.2010551795879386e-02,
       -3.7361257557340898e-02, 4.1673164240282133e-02,
       6.0569837798182556e-02, 5.1923794738624171e-02,
       4.6458937412938071e-02, 4.8158922204357829e-02,
       -4.4228601711575463e-03, -1.7394950846439314e-02,
       1.6139978455755634e-02, 1.7494161669014564e-03,
       2.3542620462952021e-02, 3.1343686169127444e-02,
       -7.9107608587753071e-03, -2.0352693876314068e-02,
       1.5632972889444388e-02, 1.3064577733853952e-03,
       -1.3297366131981455e-02, 1.7744465794670993e-02,
       -8.6881141075260838e-03, -6.3298858330324004e-03,
       2.2972988396870116e-02, -5.0561812474821466e-03,
       -2.3310781621707414e-02, -8.8449236971011938e-03,
       1.0706896070057152e-02, 1.4499980082622342e-02,
       1.4087072836399482e-02, -2.7387727896032367e-02,
       -2.3910201711708410e-02, -1.6468231848212868e-02,
       8.0264469665548524e-02, 3.5741516267050077e-02,
       -2.7111231212121035e-03, -1.3949643915575079e-02,
       -3.0747027810842757e-03, -2.0304560898459480e-02,
       -3.4690940153091369e-02, -1.2212048810293176e-02,
       1.9613453402977394e-02, 3.4102228835287872e-02,
       1.0481075097162071e-02, 6.1797993132551556e-02,
       -2.1189320632220981e-02, -1.9193687045648739e-02,
       3.2260638733830026e-02, -3.2891662959292547e-03,
       1.9445371618458593e-03, 3.7820422060249881e-03,
       -1.1094420240726256e-02, -1.8128894409236641e-02,
       2.9392747284289920e-03, 1.3941197742373146e-02,
       6.5703165552904305e-03, -1.0460672313383327e-02,
       -2.3457358668293568e-03, 6.5140588730672657e-03,
       2.8037768082888083e-02, 2.2619142987553246e-04,
       -1.0507461420345306e-02, 1.4321612384697913e-02,
       -3.2227631787295381e-02, -2.2469974349381062e-02,
       -1.0343220654979385e-03, -1.5257882390626998e-02,
       -1.7283055390203143e-02, 6.8982896538337208e-03,
       1.8460628374241733e-03, -1.1175647075742149e-02,
       -1.8454543786746838e-02, -1.4079560379068753e-02,
       -6.4667128768297975e-03, -1.8826249967468484e-02,
       -2.4197276418428556e-02, -2.1089554500348925e-02,
       -1.3122965768102015e-02, 6.9571002826712023e-03,
       -1.2327052316886560e-02, -7.1373188347709782e-03,
       -5.8732023363899828e-03, -1.6975953209284328e-02,
       3.2749612568459027e-02, 2.9136756756510552e-03,
       -1.8116490589250751e-02, -5.4638223790925977e-05,
       -2.3899234218682175e-02, -2.2245315566235657e-02,
       4.7898692244414953e-03, 1.5838389694705253e-03,
       -1.7521045342135014e-02, -2.2467070314758315e-02,
       -6.5706982720748729e-03, -2.0464599473876167e-02,
       -1.8035210961296233e-02, -3.7510808036048072e-03,
       -2.3923827335221391e-02, 9.9052716780296847e-03,
       -1.2330185917389640e-02, -7.2625496429671805e-03,
       -2.0909036394575139e-02, -1.9512080906155062e-02,
       -1.6575372322962856e-02, 3.0660323467558759e-02,
       -1.1864402868681229e-02, 7.8143260409180015e-03,
       -9.7221007704142957e-03, -9.5427121788029881e-03,
       8.1612517226455853e-03, 3.6243578193019960e-03,
       -5.7965243531636866e-03, 1.4360343203872524e-02,
       -5.7380545796094197e-03, -1.3491695517224969e-02,
       -1.3582260445967019e-02, -1.4200272365217405e-02,
       1.3158888101788842e-02, -1.8517297104500844e-02,
       3.0806113796786792e-02, -7.3992784964923113e-03,
       1.5400182417472529e-02, -1.3017987301266782e-02,
       -9.3416485501761765e-03, -1.4510311698226353e-02,
       3.1142419917136253e-02, 5.8594044725259553e-03,
       1.5399211145737286e-03, -1.1159977313750777e-02,
       -5.2865398102524943e-03, -1.4137248673517122e-02,
       3.4972921113808918e-02, 4.1003058893333492e-02,
       -1.8053408250917665e-02, 3.9434056301899098e-02,
       -9.1146917741734539e-04, 5.8883780515240464e-04,
       -2.1721686759308342e-02, -1.6424063283433862e-02,
       -1.3031749566217100e-02, -5.8691640540505961e-03,
       -5.4515169100524865e-03, 9.3356207624750633e-03,
       -2.0375525495028753e-03, -4.9284497582120215e-03,
       1.3503420033810363e-02, 2.8771492518535811e-02,
       3.3276129430390711e-03, 1.0500390841062326e-02,
       3.3815161679598468e-03, -7.5803185086956116e-03,
       -2.1333578448363873e-03, 4.1946098820701341e-02,
       4.6508063483222180e-02, 7.3603198269299912e-03,
       -1.0613420844728817e-02, -8.7840334845626228e-03,
       5.1808752783806249e-02, 8.2309940021793714e-03,
       -4.3794721944239359e-03, -7.1315802605123983e-03,
       -1.7357962098207419e-02, -1.0246112718217156e-02,
       1.2841454891303245e-02, -1.5956030980515117e-02,
       -1.1531290161378879e-02, 8.4833352887788947e-03,
       -2.0067288929093629e-03, 1.6104181307427072e-03,
       -1.8209949946040721e-02, -1.2517571393179921e-02,
       7.8574907644197972e-02, 3.1967236017640165e-03,
       -1.3480055696704584e-02, -1.4735400473157679e-02,
       -1.7078998287877727e-02, 1.4279452844208571e-02,
       -2.2708704975008334e-03, 8.1154702692395365e-03,
       1.8836372580350261e-03, -9.0502911952293104e-03,
       4.2064452093641472e-03, 6.2217573126820337e-02,
       2.4276310151657909e-03, -4.5873331296633537e-04,
       4.0864242021989338e-03, -8.1875022377493820e-03,
       -1.6265235226601872e-02, -6.9551563165871754e-03,
       4.4355348133704418e-02, 2.3221660405843437e-03,
       3.9260407776989331e-02, -2.4578619214291685e-02,
       1.3352028041880503e-02, -7.4639241561625883e-03,
       -1.7570573677541831e-02, 1.4790240536325938e-02,
       5.7159198809443685e-03, -2.5299446955702402e-02,
       -1.5698975068702718e-02, 4.2656600345498475e-03,
       -1.5007248170282809e-02, -1.5432628221535906e-02,
       -1.9483108176843310e-02, 1.8115248998780052e-02,
       -3.3184675661640274e-02, 7.9350632718421903e-03,
       2.1579115646491079e-02, -1.2669745879814585e-02,
       -2.6722114161970227e-02, 2.7241078105890828e-03,
       -8.9807085226604449e-03, 2.8904666361529521e-02,
       -6.1389610323746733e-03, -1.6269577873459996e-02,
       -1.2290511915999994e-03, -5.7303913909848535e-04,
       -4.5431432106185698e-03, 4.0016952197526559e-02,
       -6.0682497006625978e-03, -7.9186061815174381e-03,
       3.2204716149834152e-03, -8.1738779668350282e-03,
       -1.2822586040937650e-02, -6.8478498112827853e-03,
       -1.1733101262677945e-02, -1.1167327162591275e-02,
       -1.2115004133549296e-03, -2.9415169204493961e-02,
       -2.7536414376344288e-02, -6.2287815405434417e-03,
       -2.6397290182148501e-02, 1.1582637056313849e-02,
       5.1668201779449675e-02, 6.1174103030450138e-03,
       3.2936828899033987e-02, 4.8758128329670025e-02,
       -1.2371240382620871e-02, -1.0598670588773043e-02,
       1.0567541489048270e-02, 5.9417462356699396e-02,
       4.5509186038844393e-02, -1.0662603212266157e-02,
       -6.0486898502396733e-03, -7.9457303097711842e-03,
       -1.9853018221557294e-03, 6.6349015441680259e-02,
       6.2610971720684833e-02, 3.3954043250965522e-02,
       -2.0044295160331602e-02, -2.2020904136552728e-02,
