%YAML:1.0
bias: 1.5333927648243033e+00
beta1: 3.0442088131370085e+01
beta2: 3.6107573020068401e+01
width: 6
height: 6
orientation: 31
data: !!opencv-matrix
   rows: 1116
   cols: 1
   dt: d
   data: [ 4.1962184705290756e-02, -1.5678150807452804e-03,
       -1.9870515206998937e-02, -3.3375871892992383e-02,
       -7.4844561513369937e-03, 1.8667560506170355e-03,
       1.2471954939004840e-02, -9.4275213552153601e-03,
       2.1232325860481099e-02, -2.4144866838334431e-02,
       -2.3940208853525012e-02, -1.0981922406744607e-02,
       -1.2267913643386589e-02, -4.1687735122481178e-03,
       2.6062047893834157e-02, -1.3453343498756834e-02,
       -2.6752839851478395e-02, -2.6609219224945722e-02,
       -1.5979904354219865e-02, -5.2971648934906825e-03,
       1.4079258408921429e-02, 8.2941776491613547e-03,
       -2.6945784316772473e-02, -2.8552096312944683e-02,
       -2.1550940127763218e-02, 3.2701814996561343e-02,
       3.0528058204551366e-02, 5.9131927538076268e-03,
       1.3762010175178963e-02, -2.5411648289680976e-02,
       1.0609164057082619e-02, 3.0730489449110759e-02,
       -3.4568467414364562e-02, -7.7415138229157054e-03,
       3.4796951486401273e-02, -5.2536475103131010e-03,
       6.4156330883045412e-03, -2.4051206321104895e-02,
       -1.5721884527111006e-02, -2.5701476055145472e-02,
       -1.1394877267073007e-02, 1.1676849347750640e-02,
       -6.8630267040802658e-03, 8.2191601793202507e-02,
       5.4584350788521264e-03, -2.4090741343749979e-02,
       -2.2509178622970936e-02, -5.0519159289475098e-04,
       -2.2345332085585191e-02, 7.5140921093083471e-02,
       2.8949332533277378e-03, -2.1424399124414323e-02,
       -1.8517112764995687e-02, -3.0937476893645881e-02,
       -1.2137541083440275e-02, -1.6823183201241328e-02,
       -9.1718446921907962e-03, -1.4762492951842215e-03,
       -1.5427202457414245e-02, -1.9036548154249322e-02,
       -2.2119054010327991e-03, 3.4623532077309463e-02,
       -1.2073991926612517e-02, -5.9312787821714161e-03,
       -1.9546082839613899e-02, 3.0425157929273921e-03,
       -2.3791220937968600e-03, 3.2042085326489410e-02,
       -3.3986597198161002e-02, -3.1575970200857159e-04,
       8.4982654396983867e-03, 1.5591052213366961e-02,
       -2.5248743954554523e-02, -1.8551879309091170e-02,
       -2.4486082222858245e-02, -1.4128608730932142e-02,
       -1.6919596523031957e-02, -3.7563125504531072e-02,
       -1.6504818002628097e-02, 3.0201305439684783e-02,
       4.0695901253724369e-03, -1.7301852730159599e-02,
       2.6530832598353475e-02, 1.1943508204557408e-02,
       -1.6173577115834364e-02, 1.2216624613819969e-02,
       -6.2188326401498052e-03, -2.0080691114079827e-02,
       -8.7445675467068568e-03, -1.9526590681324160e-02,
       -2.2831302315727435e-02, -1.0585902702503383e-02,
       -5.2003480348233166e-03, -2.2741983771644363e-02,
       9.9425747898816245e-03, -1.8103442441838157e-02,
       -2.5804591130929706e-02, 4.3137531815952528e-02,
       2.3206894702900934e-02, 3.1602501341788478e-02,
       -2.0820853585212042e-02, -1.4450833286224100e-02,
       -1.2458353797470288e-02, 3.0099623498225106e-02,
       4.8610706804215517e-02, -5.0400190277125074e-03,
       1.5072863838303193e-02, -2.4323472685888652e-03,
       -2.5337927515879620e-02, -1.0382597705253543e-02,
       -1.9372817275129198e-02, 1.4604931608719228e-03,
       -1.5096030788737152e-02, 7.3561112912457517e-03,
       -2.2792973280370589e-03, 4.6162646202859821e-02,
       4.5051677683677800e-02, -7.9822341314612130e-03,
       4.2276949790259463e-02, 3.6950797643125387e-02,
       4.2442321207059840e-03, 6.8343022769294562e-02,
       -2.6189371015896190e-02, -1.0298186132083879e-02,
       8.3680557309992014e-03, -2.5473834831426501e-02,
       -2.3554729955493132e-02, -2.3626974786296735e-02,
       8.5554695414117050e-03, 5.6773440270085906e-03,
       -2.3655724213322502e-02, -3.4317229005707814e-02,
       -1.5500044907267484e-02, 3.1291617596500201e-03,
       1.7543037619575833e-02, 5.3340259996537159e-02,
       -3.9733357254258479e-02, -9.6271241973728740e-03,
       2.1913718619649570e-03, -4.8090075519867319e-02,
       5.4281575192930281e-03, 2.6491117190396644e-02,
       -7.3859342162248560e-03, -2.5592857943748954e-02,
       -2.7696763022975246e-02, -1.4569672435803309e-02,
       2.7272471618113345e-02, -9.0834876811458701e-03,
       -1.5108579432247141e-02, 4.7041881356138647e-02,
       -5.4093887874664083e-03, 1.4301150853709164e-02,
       6.0730767938870583e-02, -1.6919542667205956e-02,
       4.8131557332985409e-02, 3.9458423561947488e-02,
       -1.3652502582053565e-03, -1.5830078491276607e-02,
       -3.6366600486583370e-02, 1.3308677567803101e-02,
       1.5364878488571850e-02, 1.8442028694472801e-02,
       -3.9589397737404490e-02, -4.2266150155831107e-02,
       -8.3660444691962162e-03, -2.0878297850368786e-02,
       2.2786255292368628e-02, 4.8850830052217263e-02,
       -2.6154165911352809e-02, -2.9948194039060252e-02,
       1.6765992653541167e-03, -1.9045098084489530e-02,
       7.0075042570760474e-03, 2.5413196801913687e-02,
       -8.6769276961553930e-03, -1.8862193067723441e-02,
       9.6490799684784793e-03, -1.4562783706530132e-02,
       -2.6445416629347802e-02, -1.4265985356723755e-02,
       -3.1764954071550007e-02, -3.5906580478875731e-02,
       -1.8922218530712746e-04, 7.4457316264264764e-03,
       -8.2717767934298043e-04, -2.6177901123475671e-02,
       -4.2910702856702723e-03, -3.2480320611760150e-02,
       -1.5370530125917374e-02, -1.8229547947352268e-02,
       -9.8136881250402517e-03, 8.2415944418709839e-03,
       -1.9032989456595543e-02, -7.4906164851241469e-03,
       -4.2274616500525462e-02, -2.0413855032332014e-02,
       1.4865050634863637e-02, 4.3943670591050830e-02,
       -1.2212013698091360e-02, 4.3659646168856588e-03,
       1.0129251545813116e-02, -1.8024212905555316e-02,
       -7.7241144444671322e-03, 2.0438343363911399e-02,
       -1.0017897953351007e-02, -2.1151262970274941e-02,
       -6.7853028309589102e-03, 8.0527566882420479e-03,
       -3.7755004793008046e-03, -3.5628020859982280e-04,
       -1.1044269341250332e-02, -1.0498914097128349e-02,
       3.8068753624410652e-02, 1.5831734425018659e-02,
       -1.9487833974717338e-02, -1.1411103731795257e-02,
       -2.6279946976082710e-02, 1.3104839932272672e-02,
       -6.3934291104230526e-03, -7.5806370387525700e-03,
       5.2119194308178334e-03, 1.0904066325091704e-02,
       -2.0719248575858804e-02, -2.8612189213795922e-02,
       -1.3886890805257516e-02, 2.5899216051374949e-02,
       -1.0923430458856563e-02, 1.9830903414990275e-02,
       -3.5822300473370282e-02, -3.5403782359391706e-02,
       -3.0284108318741235e-02, 3.1008977823929664e-02,
       4.3883262981647367e-02, 5.9471444087774772e-02,
       -3.1356664253743838e-02, 9.1335622357954678e-03,
       -6.1382834667158548e-03, -2.3030275391744695e-02,
       1.2502206315469295e-02, 1.2259907439945549e-02,
       2.8901586183142605e-02, -3.4486071532023925e-02,
       -2.3657122469194949e-02, -9.5652246520717393e-03,
       -3.2564702740848195e-03, -7.1591847270673697e-03,
       6.4085897617197681e-03, -3.1043809841862620e-02,
       -3.2825460163626347e-03, 1.1720714428113187e-02,
       -3.9526945853203509e-02, -1.2522927892335342e-02,
       -3.9936660467680067e-02, 4.0872736178489612e-02,
       4.7023476366442052e-02, 2.7997374547563819e-02,
       6.5068814030270219e-02, -1.6412250000362904e-02,
       -3.3367969039319663e-02, 4.0488692392172520e-03,
       1.5140684228383810e-02, 3.8739870205413980e-02,
       -3.6017993322049344e-02, -1.3339168625816990e-02,
       -9.6918152521302849e-03, -1.3897195439502085e-02,
       -3.8402426846984146e-02, 7.3250871690544624e-03,
       3.1567441246119717e-02, 4.5133122606783177e-02,
       -1.0202791101530901e-02, 1.1682359417336145e-02,
       2.5347876088070504e-02, 1.1095208298131341e-02,
       6.4780279268456614e-02, 1.7477575222093471e-02,
