%YAML:1.0
bias: 1.3379884894839584e+00
beta1: 2.5085336045661769e+01
beta2: 3.0327667066169230e+01
width: 6
height: 6
orientation: 31
data: !!opencv-matrix
   rows: 1116
   cols: 1
   dt: d
   data: [ 1.2746520724916093e-02, 6.4340362177497286e-03,
       1.0858483545483723e-02, 3.4497839708081983e-03,
       1.9922473394160468e-02, -2.4267678909175472e-02,
       -1.8193334226139314e-02, 3.3427377365789976e-02,
       1.2730791328137578e-02, -1.1850449607455685e-02,
       1.4792464237956071e-02, -2.3287973223902504e-03,
       4.9242076073195404e-02, 5.2374432126796315e-02,
       1.5642466902142986e-02, 1.1385016690101681e-03,
       1.5621165456354415e-02, 1.1671244446482416e-02,
       -7.6888468987843413e-03, -2.8420242751715886e-02,
       -2.6445381286111434e-02, -1.5018195799112209e-02,
       4.4273961631556009e-02, 6.5957279874786492e-03,
       -2.1457686043790950e-02, -1.7271651435815976e-02,
       -8.7686377295282079e-03, -1.0753514032276418e-02,
       -1.0997501205319334e-03, -7.1037667133331895e-03,
       5.9993389603925917e-03, -2.4338889596229240e-03,
       -1.0259798793282277e-02, -1.0591767351643064e-02,
       -1.1279901777340975e-02, -2.7331883773829058e-02,
       -7.1660560130524216e-03, 1.3918561292403507e-02,
       8.4359921445764444e-03, 6.3239876958312603e-03,
       2.7828386175837029e-02, 8.5242643968487237e-04,
       -7.8755884988631602e-03, -1.0471293588908663e-02,
       5.0460365007414396e-02, 2.1726042937428504e-02,
       -1.4963145163836674e-02, 1.5717847065971759e-02,
       5.3329317471839721e-02, 1.2440570827935024e-02,
       1.3722466341165659e-02, -1.6849003349267911e-02,
       -1.5482727513163062e-02, -9.2378481346497149e-03,
       -3.8884607398197860e-03, -2.3282333761210777e-02,
       -1.8178869564767441e-02, -1.8558786804388126e-02,
       -1.6549889133278390e-02, -2.7252348879632807e-02,
       -3.9499322301943130e-03, -7.3294563316525681e-03,
       -1.4160887908585535e-02, -2.1730982970996498e-02,
       -1.1574596449497742e-02, 1.8815446565355817e-02,
       -1.8329750143627668e-02, -1.3669275087234523e-02,
       -1.5271013306747152e-02, -2.0797099039925167e-02,
       -7.4501653899950605e-03, -9.3589696877525129e-04,
       -1.0574869898284508e-03, -2.0827633510010102e-02,
       -1.5632185166764540e-02, -9.1418065569079804e-03,
       -1.6640824504674957e-02, -1.4667956914980277e-02,
       -5.6541903095597553e-03, -2.1045934574891047e-02,
       2.4153158186008380e-02, 6.7829935444618850e-02,
       -1.2717542467908212e-02, 7.2211008604256399e-03,
       7.3174702921837663e-03, -1.9968000948255030e-02,
       3.6056875519271145e-03, -2.6017163457042617e-03,
       -1.5139847949310718e-02, -3.2737616158201501e-03,
       -1.6123718357314212e-02, -1.9934453187318967e-02,
       -1.0354320565391780e-03, 3.0215969079932844e-02,
       1.3895436706541118e-02, -1.1145451480321604e-02,
       -7.0105426389764428e-03, -1.2339405290041119e-02,
       -1.4507628381851196e-02, 9.9692459281978240e-03,
       -7.8648519007637543e-03, 4.6730742212383040e-02,
       -4.9208394263481302e-04, -1.1117402297680276e-02,
       -2.5581161537869726e-02, -1.3360932163621504e-02,
       -8.1503839009659691e-03, 7.0912481334779905e-04,
       3.7894053259660887e-02, 1.9846932977743252e-03,
       -1.2519709892123322e-02, -7.3854512226901679e-03,
       2.0702783264151731e-02, 1.8767258811819655e-02,
       -1.6747291121876045e-02, -1.1700610895721806e-02,
       -6.5108808226566738e-03, 3.5001188134554453e-02,
       3.6479898114223704e-02, 1.2017894481529748e-04,
       -2.2594092002062669e-02, -1.3850197052292510e-02,
       -1.9158011308709894e-03, -9.6323301687358236e-03,
       -4.0826704839453231e-03, -1.4643289066961752e-02,
       -2.8184107734666934e-03, -9.9738785767141628e-03,
       -9.5490731178768298e-03, 4.4621488964323448e-02,
       3.5420871620332178e-03, -9.7879940739944091e-03,
       2.1014414455455613e-03, -1.0212071412925794e-02,
       -8.8013433547998662e-03, 6.0025168351259948e-02,
       -8.3708517402449438e-03, 5.1345354205657411e-02,
       2.4798424129189485e-02, 9.6377241183663274e-03,
       -1.3460914399703844e-02, 1.8752015831549552e-02,
       -3.7973333609590439e-03, -6.2041662001692576e-03,
       2.4707945860385086e-03, 4.8328938577817141e-03,
       -9.5710645927292917e-03, 9.0869938794574390e-03,
       7.2582580238435687e-03, -7.3462727122643994e-03,
       -1.2015578329122562e-02, -1.0100298797406126e-02,
       3.3043389375783661e-02, 5.6295911871361300e-02,
       6.7843449539027462e-03, -4.3435135916342019e-03,
       -1.4411966076422256e-02, -9.5583994145007779e-03,
       7.9635817483738047e-03, -5.3817803722364015e-03,
       -4.7957072116196296e-03, -1.2100295864747005e-02,
       1.8927615121275273e-02, -1.5290726300726896e-02,
       -8.1527009645061405e-03, 2.4400202705930817e-02,
       -9.0812840075379375e-03, 3.0012314046323291e-02,
       -8.2891739634451019e-03, -1.9387736025679399e-02,
       2.1087853229842697e-04, 3.2784060387665924e-02,
       -1.6726665902646869e-02, 4.7852601794721686e-02,
       -1.8964978257787098e-02, -1.1220124478616957e-02,
       6.2195144711700723e-03, -1.0833208993892616e-02,
       -1.4290420651088613e-02, -9.4601121999405187e-03,
       -7.5402089902012418e-03, -2.2841513622898664e-03,
       -2.9113718923723698e-03, -1.8460339750350354e-02,
       1.7573878296603621e-03, -1.1035417706699011e-02,
       -7.7639659947837981e-03, -1.0229221762874982e-02,
       -4.5601330996087007e-03, -7.6739147714624187e-04,
       2.4390056669565799e-02, -4.3558867719077042e-03,
       -5.4032688309542639e-03, -1.0863102340643525e-02,
       -4.1553395765832907e-03, 3.9899042933489517e-03,
       2.5155555453719664e-03, -5.1803169887327579e-03,
       3.1118011630304900e-02, -1.8634926871219565e-02,
       -1.6859721301199251e-02, 7.8732705435527947e-03,
       1.8301975983446489e-02, 3.9185722867761417e-02,
       3.7694771985915471e-03, -1.9684208472734867e-02,
       7.8580428133817916e-03, -7.4316217567658664e-03,
       8.3943215377350118e-04, 1.2429019056293136e-02,
       -2.5665441729464153e-02, 3.9284856305955095e-02,
       7.0161148674244542e-02, 2.4201974589472697e-02,
       1.0311980297187176e-02, 2.0457979754168368e-02,
       -4.4541647951527570e-03, -2.3268430669231887e-03,
       2.8242262717145684e-02, 6.1397035203128489e-02,
       2.9367968117298977e-02, 7.0302612664395869e-03,
       -1.6745511651070591e-02, -1.3650663706108967e-02,
       1.0405785937100800e-02, 5.4705705683609072e-02,
       1.0024354818175867e-02, 1.0145753230223629e-02,
       -1.9878028963321234e-02, -1.5828256601858316e-02,
       -3.9273640787850445e-03, 6.2877566494530350e-05,
       -3.1267756915633119e-03, 5.7696031729230282e-02,
       1.4737276602699771e-02, -2.1298335784252248e-02,
       -9.4392854836096093e-03, 1.1168539227014234e-02,
       1.5893408874975885e-02, 1.4895443086944695e-03,
       1.9488092060952582e-02, -8.2179171034555756e-03,
       -1.1799446114523203e-02, -1.3062575024237685e-02,
       -1.9134155046188178e-02, -1.9162379152157967e-02,
       -2.8674715146582066e-02, -1.2853752622550932e-02,
       -1.3486711086743496e-02, -4.2784680216759359e-03,
       -1.7550801181732592e-02, 4.2653458626724074e-02,
       2.1298816082828687e-03, -1.3470902299527653e-02,
       9.2938999638165383e-03, 3.9773454896059157e-02,
       1.4587600004168491e-02, 1.1346234572804842e-02,
       -1.7491126968152117e-02, -2.0683254710697069e-02,
       2.5104198885397621e-02, 5.3290814464693553e-02,
       5.0565228380663784e-03, 6.1047123636679447e-03,
       -8.9756197917021628e-03, 3.3392384224944442e-02,
       -4.1859221545690814e-03, 6.2658420739285528e-02,
       -2.0289849929253567e-04, 3.5102609042068730e-02,
       4.6491167999132901e-05, 6.7196929583690113e-02,
       1.9811217543662687e-02, -2.2013295855344978e-02,
       1.9529319715745324e-02, 5.9708770052737392e-03,
       -3.5869357668610793e-04, 4.9759185362467623e-02,
