%YAML:1.0
bias: 1.5263203358807127e+00
beta1: 3.3115504784660722e+01
beta2: 3.8929798136629579e+01
width: 6
height: 6
orientation: 31
data: !!opencv-matrix
   rows: 1116
   cols: 1
   dt: d
   data: [ 3.1793193505976463e-03, 3.5773828225781268e-03,
       -2.8275512279329822e-02, -1.3060679439791150e-02,
       -3.1146636902749806e-03, 3.7195287452234153e-02,
       -1.6389193385977784e-02, -1.9874939630599227e-02,
       -2.5650476751321701e-02, 1.7474105430938382e-02,
       -6.8117604057114280e-03, 1.5508921888258146e-02,
       -1.7604640514137009e-02, -2.5265796160055736e-02,
       -1.8372480849446662e-02, 1.3361971980247751e-02,
       -6.7836224210961714e-03, -2.0651065365600262e-02,
       -2.4681847432770337e-02, -2.7802569152677949e-02,
       2.4161575253343771e-03, 9.7501402636391704e-03,
       -1.1365935753304388e-02, -2.7838800500220827e-02,
       -2.8862742779374465e-02, 7.7555339005376837e-03,
       5.3784208273521192e-03, 2.7897327852047172e-02,
       2.6864802319016657e-02, -3.4208433882160785e-02,
       -2.3113462651137298e-02, 2.7521670020351968e-02,
       -1.0064535611013638e-02, -3.6443325570049832e-02,
       3.7575098878458675e-02, 1.4769439924824239e-02,
       2.5467760619241289e-02, -2.2520965262851089e-02,
       8.7467798949396464e-03, 2.0851295193181865e-02,
       -1.0827822492917867e-02, 3.8965010487338671e-02,
       -9.0883846045920098e-03, -2.3456250630073255e-02,
       -2.1941455303968127e-02, -1.3062180950641470e-02,
       -5.1796365268645039e-03, 1.3165255814150588e-02,
       -1.6483456413624857e-02, -1.6759161686783638e-02,
       -2.2511413385500677e-02, -1.4548377706568406e-02,
       -2.0952401633790672e-02, -1.8649743023244469e-02,
       -3.5637997009266648e-02, 3.6877326670143894e-02,
       1.9252716774924294e-03, 2.9833991450417534e-02,
       -2.6225412665485039e-02, -5.0146580766928942e-03,
       -3.2598228695329454e-02, 5.0816204514186461e-02,
       1.8592034186598327e-02, 3.5570278054581406e-02,
       -5.6829092826551015e-03, -2.0677583714547140e-03,
       -2.5772502890217402e-02, 1.0602793101473657e-02,
       3.1910059706273780e-02, 1.6463980959519540e-02,
       -7.3635080573755587e-03, -9.8905832552151109e-03,
       2.4641512023694374e-02, -2.6924013256154032e-02,
       -2.3601553072759619e-02, -9.6715900794353583e-03,
       -2.2451447732406624e-02, 3.1169724686360499e-02,
       -2.1554700348795371e-02, -3.3456025108000623e-02,
       -2.0956791573731329e-02, -8.0684165350476227e-03,
       -3.0513271708777243e-02, -1.7485297029685366e-02,
       -2.5934255641090590e-02, -3.8367336609125023e-02,
       9.5627620686217895e-03, 5.0455356214723947e-02,
       -2.1574829148729859e-02, -1.3594749547483586e-02,
       -3.2058043536193473e-02, 1.8748648876482511e-02,
       6.1207291441633038e-04, -7.9190387161080702e-04,
       1.1029356290938784e-02, 3.5756237879248635e-02,
       -6.2041788118392099e-03, 5.5175887451672685e-02,
       5.1821470465408082e-02, -7.6066847269560178e-03,
       -1.4188058739879913e-04, 2.1855281992736189e-02,
       5.2978807042117187e-02, 4.3465279797770352e-02,
       4.5525879669952099e-02, -1.7819916102326471e-03,
       -4.7862344966630027e-03, 2.3253008183098705e-02,
       -1.5535099550904562e-02, -1.1322918778689857e-02,
       -1.5160392771452242e-02, -1.6637682252805118e-02,
       6.0194297533034437e-03, 1.8556536069787233e-02,
       -5.9976620353310193e-03, -2.0341944183568921e-02,
       1.1970909441488544e-02, -7.7615042050460485e-03,
       -1.5579351019846928e-02, -2.6021392630776047e-02,
       -3.3119800765490481e-02, -3.7464476797785529e-02,
       7.5416404022823902e-03, 1.8015128957157685e-02,
       -4.8343101218938582e-02, -2.7823719500939398e-02,
       -3.9010946592341181e-02, -1.2863932096948612e-02,
       -1.2582844534823052e-03, -1.1469033450634752e-02,
       4.6257801103115934e-02, 4.7170191294219670e-02,
       -5.4787484275821150e-03, -1.2338487171422245e-02,
       3.6629483871732944e-03, -6.0591200756253813e-03,
       2.6242093255857721e-02, 1.0734914534498612e-02,
       7.3083838380112440e-02, 1.8674513243159434e-02,
       7.6383041471280730e-03, -1.1030190975059018e-02,
       -2.7779137115508543e-02, -2.0314294064476133e-02,
       -1.1999940141556708e-03, -2.2940142795815188e-02,
       -2.3030095981272217e-02, 4.6336284282482425e-02,
       1.9349866367368955e-03, 4.3226448096967268e-02,
       2.2896699735262926e-02, -2.3027290386182901e-02,
       -2.0255117221621580e-03, -2.4957729710019312e-02,
       -6.1326874124493971e-03, -3.4518549562609767e-02,
       -2.5801914520110311e-02, -2.0770592513413861e-02,
       -7.4086401234163910e-03, -7.6378510770315931e-03,
       -3.1545257609486921e-03, 2.3515392445172745e-02,
       -3.1091474290171485e-02, -2.0116938552049091e-02,
       1.2366718237039232e-02, 3.0097008872465129e-03,
       3.7154082856439487e-02, 6.2304103851101300e-02,
       5.4881301471655800e-03, -6.8002203878620073e-03,
       3.5997417397653581e-02, 2.8954404759428412e-02,
       -5.3695584453735149e-03, 6.1201194234515675e-03,
       -1.9654386282486631e-02, -2.4128486700712978e-02,
       -1.2838079539331514e-02, -2.0918492010158812e-02,
       1.5730881423156068e-02, 3.0333444013865455e-02,
       -1.5475041566837214e-02, 6.6309616950353785e-03,
       -1.5613380368108800e-02, -2.1103639408311010e-02,
       -2.1554058606637432e-02, -1.6705813435548701e-02,
       -2.0691014082348792e-02, 3.8930150606055591e-02,
       -1.0113082851553590e-02, -2.1904994309852665e-02,
       6.3840465587453807e-02, 5.4301370175264568e-02,
       -8.9909537819891569e-03, 3.0578102142037839e-02,
       -1.3130037639493738e-02, -1.1029500701255700e-02,
       7.4359555193472621e-02, 5.4286212907343194e-02,
       9.3831290956306584e-03, -2.2025151779127831e-02,
       -3.1178609610878000e-02, -1.0857114356795788e-02,
       2.4648856731882291e-03, 5.6695624444315078e-02,
       2.1589466374829270e-02, 3.0936705835334297e-03,
       -3.2293249040758337e-02, -2.1922685839117315e-02,
       -1.0038386722250586e-02, 2.7435027964344907e-02,
       -1.7818977511792691e-02, -2.4354841823712198e-02,
       -1.9213582175367061e-02, -3.0852759343359508e-02,
       2.2984375036256194e-02, 5.8103286916364946e-02,
       1.0674658905169689e-02, 4.1077795847197798e-02,
       -5.9705306471096852e-03, -2.6008800344458106e-02,
       -1.2806704796236037e-03, 4.7245862613910172e-02,
       -2.4629100259988844e-02, 5.9548568897436691e-02,
       -1.8865088313763507e-02, -2.8977983916472393e-02,
       5.3750890441781746e-02, 5.8905120689890879e-02,
       -7.9006947199121904e-03, 9.7361496604535507e-03,
       -1.0985242616858935e-02, -1.2922588847406481e-02,
       -2.5746159249695099e-02, 5.8727292110721538e-03,
       3.6291345402169661e-02, 3.5861860635342056e-03,
       -3.0395192894982381e-02, 1.5846520845901498e-02,
       -2.3678393775672449e-02, -1.9463331306537587e-02,
       1.2412824712120603e-02, -4.3621122780600468e-03,
       -4.2148578976824155e-02, -2.2131778042609483e-02,
       -1.1269425918200474e-02, 1.1813230033165642e-03,
       -2.9993057443401163e-02, -3.0002668327417079e-02,
       -3.0606706106818485e-02, -1.7401368201281905e-02,
       8.0436895441253417e-02, 2.4389353658562103e-02,
       2.1559197216009993e-02, 2.3347375557673421e-02,
       -6.9220878174841476e-03, -2.5184588970642515e-02,
       -3.9829362632165105e-02, 1.8500868861907882e-02,
       -3.0031730456654027e-02, -4.7641747666331653e-03,
       -4.0397083659478604e-02, -2.5313243615209140e-02,
       -7.4459147367006489e-03, -1.5427054592948672e-02,
       -2.6220763023569078e-03, 1.5803484231877291e-02,
       -2.2532452116593917e-02, -3.4721782648317961e-02,
       -4.2164235014215817e-02, -3.1051389573810057e-02,
       1.8402298141735936e-02, -4.1658653220345487e-03,
       -9.6726565599539668e-03, -3.9970055303064408e-04,
       -1.5337813235909104e-02, -1.4864717932472821e-02,
