%YAML:1.0
bias: 1.3528244078624569e+00
beta1: 4.4204274780627365e+01
beta2: 5.0492658954958877e+01
width: 6
height: 6
orientation: 31
data: !!opencv-matrix
   rows: 1116
   cols: 1
   dt: d
   data: [ 4.8548039038809497e-03, 2.4458978672014051e-03,
       4.3297770346803995e-02, 1.8920667005475404e-02,
       2.5431644027541001e-02, -7.0446235509652464e-03,
       3.3918221605269479e-02, 8.1489179237864764e-03,
       -8.1036537598003083e-03, -1.1822483826283654e-02,
       -6.8859992011427017e-03, -2.0819056731367257e-02,
       3.1821276559801215e-02, -1.2184458123360854e-03,
       -9.3642410301719384e-03, 4.3562744426763091e-02,
       4.1855434989393064e-02, 1.3937776859096114e-02,
       -5.8845551158766300e-03, -2.6750883738698533e-02,
       -1.6879619134564351e-02, 6.2371138820230362e-02,
       2.1804817861815616e-02, -1.5350923307780425e-02,
       -2.7247795159505706e-02, -2.2963363238787466e-02,
       -2.6237931747729110e-02, 6.3854880886918083e-02,
       5.3129847768040327e-02, 4.7258081680128163e-02,
       5.3375018520699674e-02, 5.2477590985536393e-02,
       5.2630585255247303e-02, 5.7849610256456130e-02,
       4.1113742912741232e-02, -3.5578800586477104e-02,
       -3.0877756459273729e-02, -4.9707071760655905e-03,
       5.3319229829461839e-03, -1.2994189010763026e-02,
       -1.5214955441490784e-02, -9.5778739750524266e-03,
       -9.2344718246130820e-03, 2.3488644227761105e-02,
       -1.6241897045910357e-02, -2.9190863075841077e-02,
       -2.8954866984602062e-02, -3.1443305760009366e-02,
       3.8738982168241204e-02, 5.0104797416200941e-02,
       4.2258243560475403e-02, -1.7024361215986501e-02,
       2.0498311657385655e-02, 6.5453940396763055e-02,
       -3.9113022077466595e-03, -3.0680384849882270e-02,
       2.3351042246673760e-02, 3.3284806912979317e-02,
       -1.9203338392632958e-02, -1.1084544293168510e-02,
       -3.9519854794553159e-02, -3.0011019012105525e-02,
       -3.3823002690420156e-02, 8.7220828331949253e-03,
       3.5370343173513494e-02, 4.9001803964469452e-02,
       1.3263630717514687e-02, 5.3033675587564680e-02,
       -1.7173367025608108e-02, 1.1075439178545119e-02,
       2.9806797281217288e-02, -2.7910358921470757e-02,
       -1.9927591104443584e-02, -9.4956565269882151e-03,
       -3.3780594407053360e-03, -1.0848560547466937e-02,
       1.3608164933185285e-02, -1.8184494196974012e-02,
       -1.3552892164917136e-02, -4.2328753108372193e-03,
       -9.2298885633666939e-03, -1.1614334211103760e-02,
       -1.2311494965662043e-02, -1.5481923221315148e-02,
       5.8101321526049868e-04, 3.5715134418171778e-02,
       1.7445303046355422e-02, -1.5327355179705271e-02,
       -1.1352868043771981e-02, -1.4941593059785469e-03,
       -1.7556487231874644e-02, 5.9786535722348412e-02,
       6.9378122963363958e-02, 3.9664714987128133e-03,
       -1.4482906389133245e-02, 6.3048292775339208e-03,
       -1.7542814482775546e-02, -2.2022951763418359e-02,
       -8.3630088816124474e-04, -1.0401598164488397e-02,
       -7.5897378895708172e-03, 4.0864600195181282e-02,
       1.3979937558027624e-02, -4.1827184474886731e-02,
       -2.5906970089635200e-02, -2.9559965861492572e-02,
       2.0407432497749602e-02, -1.4013755412762566e-02,
       3.7278418380021425e-02, -3.9241212234390008e-03,
       -9.9721095196450369e-03, -2.0161941961076017e-02,
       4.0706673274100699e-02, 6.3001789807775634e-06,
       3.3417423663056472e-03, -1.8766303086471554e-02,
       -1.2506545869138179e-02, -3.4157079049499019e-03,
       -8.8538365407278552e-04, -2.5144059703284885e-04,
       -1.9637289951149346e-02, 4.4456127795687835e-03,
       -1.0491053450573716e-02, 1.7466357321496501e-02,
       2.4512863217549894e-02, -2.7296218526015508e-03,
       -1.6869588437899603e-02, 7.1742095020407241e-03,
       -4.1801292912364606e-03, -1.5572149291314844e-02,
       3.5440368640934715e-02, 1.4615128778962098e-02,
       -2.7637892503412448e-02, -2.4083913037757226e-03,
       3.3999094297570615e-02, -2.0442639781965078e-02,
       1.9929014642285116e-03, 2.9410761676107351e-03,
       -1.2209786315507965e-02, -2.3114117586131189e-02,
       4.7100418136828533e-02, -2.5370538503849113e-02,
       1.4727022998136708e-02, 2.9451191155403268e-03,
       8.0204620921254438e-02, -5.4632040132037785e-03,
       9.5643823156735495e-03, -2.0695276006463384e-02,
       4.9343645814933182e-02, 2.5032571012339595e-02,
       3.8253295680402429e-02, -1.3826166311934651e-02,
       -1.8070452793533167e-03, -1.7503363707758603e-02,
       -2.0519621533050848e-02, -1.9537921466190069e-02,
       3.5411843142280994e-03, -5.9546951816469781e-03,
       -1.7945648978650985e-02, -1.1912332502115675e-02,
       -1.5269644942495074e-02, -6.7830246878817085e-03,
       8.3440736269206443e-03, 9.1209280231885521e-04,
       -1.0345768412772438e-02, -5.2561366539416194e-03,
       2.0885536633415882e-03, 6.3984165009996638e-02,
       -2.7322951607483437e-02, 1.4352995351202786e-02,
       5.7829640482164518e-02, 6.5775640536184683e-03,
       -1.0604879465044249e-02, 1.9166445415625843e-02,
       -1.3296222347167382e-03, 4.0102424548389692e-04,
       8.8747387589823368e-02, -1.6504359498234152e-02,
       -6.6507572938403290e-03, -2.6753469099323156e-03,
       1.3143462451758747e-02, 3.6595279242153970e-03,
       -2.5492286774106108e-03, -2.0078933558496173e-02,
       2.2937110248479900e-02, 6.1356149607185731e-02,
       8.2638970470460302e-02, 7.0284697670141942e-04,
       5.9706572505039499e-03, -1.5426814052735579e-02,
       -6.9744241782525532e-03, -9.8745279618527408e-03,
       1.7580781536552383e-02, 7.5104831014064424e-03,
       -1.2954845597388536e-02, 2.0755536522522461e-03,
       7.8394753579026644e-03, -1.1375917726809128e-02,
       1.0961516948447384e-02, -1.2897124816717408e-03,
       -9.5282580315724091e-03, 1.2287773041061278e-03,
       1.1921296702142557e-02, 3.6002467165107077e-02,
       -1.4775471419436217e-02, -1.7387535228612187e-03,
       -6.7504223101259551e-03, 8.7479940923866732e-03,
       4.4094500870564372e-04, 5.7209468382406550e-04,
       -8.9309582004209360e-03, -7.3847953675141888e-03,
       1.9931697716382722e-02, -1.2522658784812528e-02,
       3.8762408843429942e-02, -9.0100283486814134e-03,
       5.8793477013813031e-02, -2.7222744859132161e-03,
       -8.3722396612277705e-04, -2.5690841904341996e-02,
       4.5362204110259700e-02, 1.1069959339009651e-02,
       6.7097308333625996e-02, -6.4019926191930584e-03,
       -8.1757025369002655e-03, -8.0772802358276084e-03,
       5.3425941139293382e-03, -3.1697097618174370e-03,
       1.2754626949808027e-03, -9.3511794082410810e-03,
       -1.0143523634549852e-02, 7.4845419567376135e-03,
       2.5485894318185112e-02, 7.5457375253133114e-03,
       2.6409451881834241e-02, 4.4128155194766323e-03,
       -1.9059441586054594e-02, -9.9161613050693289e-03,
       -1.2114304890316847e-02, -8.3372408990446643e-03,
       1.8652346994093389e-03, 1.4485260035747943e-02,
       -6.2201591527705560e-03, -1.3786506608812969e-02,
       -1.1982686616355211e-02, -1.2397399625234853e-02,
       5.1592501733708929e-03, -7.5334205880607519e-03,
       1.4346310293114971e-02, -7.8432397471021303e-03,
       2.8954234846448559e-02, -1.6485032307969022e-02,
       2.2785604031042420e-02, 4.1165763240295326e-02,
       -1.0042351790817042e-02, -2.7739582457007587e-02,
       2.6016723051487153e-02, 6.8658464565617269e-03,
       1.9461216512163763e-03, 9.8289540580715658e-03,
       6.4501007572539230e-03, 1.5176770258695956e-02,
       6.6344211537748179e-02, 6.9499942141027990e-02,
       -1.4681389591417626e-02, -1.5708390834684741e-02,
       -1.1679030107367231e-02, 9.3614172795554902e-03,
       6.7188416695051958e-03, 1.9731823307013199e-02,
       -6.9018775991753489e-03, 4.5694913574003439e-03,
       -1.9694604254493209e-02, -5.8552454916691588e-03,
       -2.2988267919954175e-03, -1.3585721804709816e-02,
       5.8030512523819053e-03, 2.4131306719566651e-02,
