%YAML:1.0
bias: 1.5570812738326520e+00
beta1: 5.9137923843115004e+01
beta2: 6.5785481993146931e+01
width: 6
height: 6
orientation: 31
data: !!opencv-matrix
   rows: 1116
   cols: 1
   dt: d
   data: [ 6.1671315146070368e-02, -1.9420416275211126e-03,
       3.7898764200447042e-02, 2.3312032298455423e-02,
       2.9568729242378508e-02, 2.1768002240404975e-03,
       1.8692452710350842e-02, -1.8628555687119516e-02,
       -2.3532396450523962e-02, -2.3151323348377797e-02,
       -2.7069334611113681e-02, -3.6233855922866744e-02,
       -4.9343443506973811e-03, -1.3875505058826927e-02,
       -1.6128179538327698e-02, -3.0946774450770927e-02,
       -3.0737769550771767e-02, -3.0376452042136334e-02,
       -2.9062697246193366e-02, 1.3009050571976856e-02,
       4.5719729415097950e-02, 3.9540193306781442e-02,
       -8.6585032241233845e-03, -2.5060144372692935e-02,
       -7.9984128379257235e-03, -1.8532934406969678e-02,
       -4.3998116891940438e-04, 1.0344184612655564e-02,
       2.1913465680323862e-03, 7.5527977990083497e-02,
       -1.2865583335295982e-03, -3.1660433017739451e-02,
       4.2404596006650620e-02, 5.4089432320139845e-02,
       1.3544086765418448e-03, 5.6605499691516077e-02,
       -7.8090594769039609e-03, -6.0305709142439330e-03,
       -2.8937689166660906e-02, 6.5648018734471743e-03,
       3.1306826566107185e-02, 3.4758704380044581e-02,
       -6.8705866094937269e-03, -2.3599647065534156e-02,
       -3.4557437205300259e-02, -1.5451044009718947e-02,
       -9.5492993574464776e-04, 2.0593352304697082e-02,
       -2.3445598592367039e-02, -2.9408896379549906e-02,
       8.7033629831978661e-04, -2.6496784936080812e-02,
       -3.0737424987233305e-02, -3.2346413015770098e-02,
       -3.1952191727113402e-02, -6.8625471728416924e-03,
       4.9992635143114805e-02, 4.7296078302435226e-03,
       -3.0467563723468420e-02, -2.7219120675189900e-02,
       -6.2600010302096710e-03, -2.7453746205818551e-03,
       1.2763688541124679e-02, -2.6075358740895220e-02,
       -1.6353437220540255e-02, -1.7249986662399540e-02,
       -3.1245772781742742e-02, -3.5213571335404826e-03,
       2.5644549309292324e-02, 4.9707059971846004e-02,
       -3.9381229368486651e-03, -3.6250585827389485e-02,
       -8.0046361086825958e-04, -9.2773996262911496e-03,
       -3.1691240387346747e-02, 2.8838602139519158e-02,
       -1.5846551718481559e-02, -1.3002794509025896e-02,
       -3.0411701466681221e-02, -3.0667181210913282e-02,
       -1.7205406410025388e-02, -9.4771515393637460e-03,
       -8.3828261827964164e-03, -1.7731650741627282e-02,
       -2.3699388531408454e-02, -1.9577819795506001e-02,
       1.8674061443809821e-02, -3.1433611439680549e-02,
       -3.6095359883876625e-02, -1.8368380398497461e-02,
       -1.6233422253954216e-02, -3.5381146727787798e-02,
       2.2075656007601856e-02, -2.1813467441238927e-02,
       -1.1210095353378406e-02, -1.6196548126399105e-02,
       -2.4138667485030921e-02, -2.9866503473696990e-02,
       -3.3837804238090411e-03, 1.3335332766115249e-02,
       1.3078042312348791e-02, -3.4194847107982325e-02,
       -2.5606203087060433e-02, -2.9640986446823864e-02,
       -3.7775370389600250e-02, 2.7301173574210358e-02,
       -7.1936431369185819e-03, -3.4494801846073064e-02,
       3.5884570491075192e-02, -3.0896892666547209e-02,
       -2.9332014305995788e-02, -3.2256343269752560e-02,
       2.5805479308062259e-02, -6.2581001828060610e-03,
       -1.6838304070424293e-02, -1.7601000554645675e-02,
       9.6851307958698250e-03, -3.4009032989533262e-02,
       -6.8847048599296641e-03, 1.4448039589968407e-02,
       2.6727586608515617e-03, -5.0414498106278252e-03,
       1.1165173394247876e-02, -3.1728234132858246e-02,
       -3.1229659668361137e-02, 5.0465386678777077e-04,
       2.2350771224175971e-03, -1.6115998521693597e-02,
       -2.0544738029493304e-02, -1.5333948410522968e-03,
       -9.7269747278915398e-04, 3.6742204995448297e-03,
       -5.2189687103485361e-03, 3.2643127391736387e-02,
       -1.0021653047338029e-02, -3.4620003127081023e-02,
       -3.4550642114815885e-02, -7.0740425662480693e-03,
       -2.2691601983188189e-03, -2.5034556349997072e-03,
       -3.4880717439745711e-02, -1.8705230826173390e-02,
       -3.1767650529898439e-02, -2.8106526105061990e-02,
       2.2371534368372491e-02, -1.7032400490338318e-02,
       -1.5566718069191618e-02, -3.2281580183807279e-02,
       -1.3006224345654996e-02, -1.1490915538468968e-02,
       -2.3517708198048964e-02, -3.0384790796071648e-02,
       -1.2763553300847129e-03, -3.0773385640009421e-02,
       1.8658839571108265e-02, -2.9836762934391300e-03,
       -4.1073937995566179e-04, -1.7027807857666860e-02,
       -2.1762653873851588e-02, -5.6233551751995467e-03,
       7.3467361197305098e-02, -3.5231629814515074e-02,
       -2.4100733242578814e-03, -4.1124559766620973e-02,
       -1.8283928134139066e-02, 4.0709670791036913e-02,
       -3.2722333817676195e-04, -7.1815041098511976e-03,
       -9.7331462144475064e-03, -3.3464173346383727e-02,
       -2.6779512596738810e-02, -1.7899890969879954e-03,
       3.5641503738016271e-02, 3.6167043212627252e-02,
       1.5083791506375135e-02, 1.8033782895670453e-02,
       -1.1929683124510650e-02, -8.1696005373746924e-03,
       4.8906275426882320e-02, 3.0762990578034031e-02,
       6.4420772581780791e-02, 6.2278127449461942e-02,
       -4.9347975068766547e-03, -1.2002712706788436e-02,
       -8.2842278596499917e-03, -1.5557381996648814e-02,
       -3.6043668833803569e-02, -3.5540811083251876e-02,
       -1.8789901704352775e-02, -1.7353938722023947e-02,
       -1.0348572966723124e-02, -1.3529156239930696e-02,
       -3.0450189540889412e-02, 1.1639596982398071e-03,
       5.0280590622073093e-03, -1.6250501179204492e-02,
       6.0189315964635996e-02, -3.2548080364606886e-02,
       2.7019754668056145e-02, 1.2300383483341712e-02,
       -2.1934620503082168e-02, -7.4871551856502691e-03,
       1.0294622727544500e-02, -8.5616603406940498e-03,
       9.0623910800580378e-03, -4.3763472521392011e-02,
       -2.0160837237811598e-02, -2.8615900157807767e-02,
       -3.9293293334846338e-02, 1.7292566761898678e-02,
       3.1717537185082301e-02, -1.0028399166681350e-02,
       -1.8524603998934925e-02, -3.8540943947571793e-02,
       -1.3544804081478009e-02, 3.2998473701886188e-02,
       2.0661491049415014e-02, 6.2757240008564058e-02,
       9.5796159727846632e-03, -1.2438220435640969e-02,
       1.6807100253551383e-03, -3.1129808561870486e-02,
       -2.3281032893767949e-02, -3.5028553436572712e-02,
       -2.7798705617701615e-02, -2.2804987065204754e-02,
       -1.9133442831769720e-02, 4.8298312582230538e-02,
       -4.6064729834385365e-02, -1.0769272308026274e-02,
       2.3803771408859559e-02, -1.1608739543372127e-02,
       3.8435964414594527e-04, 7.2335306945839339e-02,
       2.6515653298395964e-03, 2.0750723300683803e-02,
       4.1729561824161765e-02, -3.5746530539089369e-02,
       -4.5828723412757927e-02, 1.8458063898930226e-03,
       8.4464129124603299e-03, -1.3320460712153653e-02,
       2.2079273739538500e-02, 2.7437707759831436e-03,
       -3.5793681384045574e-02, -1.2567219782884774e-02,
       4.0386612977837091e-02, -1.9510832866261939e-02,
       -1.4806697818698424e-02, -6.7531223471862505e-03,
       -6.9905703381106029e-04, 2.9428739205654659e-02,
       -2.6529747429657469e-02, 5.9504114576963779e-02,
       1.2195554446087817e-02, -1.1767693829612586e-02,
       -2.4190709470150888e-02, -1.8487466968773639e-02,
       -1.9358546490754889e-02, -1.5937952384428269e-02,
       4.4982505908815737e-02, 4.7493762984494634e-02,
       -1.6838314438869698e-02, 7.2662153728531659e-02,
       -3.6112541571764356e-02, -2.8669635832017450e-02,
       3.3449900992767762e-02, 1.8179140201582521e-02,
       -3.5593881823241205e-02, 6.3924342683459257e-02,
       4.4384107147168582e-02, -2.7759575651630782e-02,
       -1.5910323888450758e-02, -3.6457055571748609e-02,
       2.6097298528427661e-02, -1.6519592202405533e-02,
